# Start time:    2026-07-23, 12:28:32
# Real time (s): 2100.000
# Live time (s): 2100.000
# Reactor power (MW): 1.000000
# Number of channels: 2048
# Channel width (usec): 2.000000
# Dead time (usec): 26.000000
# Number of frames: 420497
# Path length (cm): 191.500000
#
# Total counts:  2915245
# Chan. numb.	Numb. of counts
#-----------------------------------------------------------------------
1	0
2	0
3	1232
4	1207
5	1233
6	1205
7	1236
8	1216
9	1267
10	1180
11	1201
12	1222
13	1217
14	1290
15	1312
16	1137
17	1256
18	1172
19	1226
20	1180
21	1210
22	1256
23	1253
24	1194
25	1180
26	1161
27	1301
28	1215
29	1256
30	1181
31	1151
32	1296
33	1193
34	1183
35	1236
36	1270
37	1179
38	1224
39	1242
40	1261
41	1181
42	1188
43	1207
44	1249
45	1182
46	1262
47	1249
48	1245
49	1250
50	1216
51	1200
52	1218
53	1257
54	1173
55	1206
56	1284
57	1219
58	1258
59	1219
60	1230
61	1226
62	1245
63	1188
64	1203
65	1276
66	1173
67	1187
68	1199
69	1231
70	1178
71	1318
72	1211
73	1155
74	1194
75	1195
76	1169
77	1156
78	1169
79	1192
80	1244
81	1237
82	1170
83	1179
84	1222
85	1259
86	1194
87	1191
88	1214
89	1272
90	1232
91	1207
92	1239
93	1212
94	1198
95	1205
96	1177
97	1223
98	1235
99	1212
100	1190
101	1169
102	1181
103	1248
104	1266
105	1217
106	1205
107	1223
108	1263
109	1215
110	1171
111	1203
112	1202
113	1155
114	1158
115	1236
116	1216
117	1268
118	1210
119	1248
120	1272
121	1210
122	1267
123	1270
124	1201
125	1197
126	1171
127	1181
128	1187
129	1291
130	1180
131	1248
132	1210
133	1168
134	1272
135	1272
136	1230
137	1211
138	1223
139	1184
140	1217
141	1194
142	1219
143	1175
144	1204
145	1309
146	1248
147	1198
148	1182
149	1187
150	1291
151	1212
152	1210
153	1271
154	1172
155	1190
156	1125
157	1146
158	1140
159	1275
160	1252
161	1189
162	1210
163	1274
164	1227
165	1213
166	1220
167	1180
168	1267
169	1181
170	1250
171	1260
172	1145
173	1240
174	1192
175	1300
176	1195
177	1110
178	1153
179	1250
180	1233
181	1198
182	1171
183	1265
184	1261
185	1188
186	1195
187	1214
188	1161
189	1204
190	1177
191	1257
192	1262
193	1216
194	1170
195	1205
196	1219
197	1227
198	1197
199	1182
200	1230
201	1222
202	1186
203	1178
204	1181
205	1215
206	1204
207	1262
208	1271
209	1227
210	1212
211	1238
212	1207
213	1240
214	1262
215	1162
216	1237
217	1206
218	1172
219	1143
220	1205
221	1207
222	1180
223	1131
224	1215
225	1234
226	1221
227	1201
228	1209
229	1243
230	1196
231	1275
232	1224
233	1232
234	1215
235	1216
236	1237
237	1215
238	1199
239	1248
240	1268
241	1223
242	1174
243	1246
244	1208
245	1227
246	1256
247	1226
248	1174
249	1199
250	1187
251	1210
252	1161
253	1165
254	1222
255	1199
256	1210
257	1168
258	1241
259	1192
260	1176
261	1238
262	1221
263	1223
264	1226
265	1220
266	1252
267	1221
268	1167
269	1256
270	1217
271	1268
272	1177
273	1207
274	1270
275	1180
276	1194
277	1158
278	1245
279	1175
280	1194
281	1170
282	1261
283	1204
284	1271
285	1161
286	1249
287	1246
288	1247
289	1173
290	1255
291	1122
292	1244
293	1237
294	1219
295	1237
296	1177
297	1260
298	1198
299	1198
300	1170
301	1224
302	1160
303	1271
304	1209
305	1231
306	1269
307	1214
308	1197
309	1200
310	1211
311	1247
312	1242
313	1248
314	1177
315	1220
316	1217
317	1180
318	1239
319	1224
320	1227
321	1218
322	1215
323	1219
324	1221
325	1251
326	1164
327	1226
328	1226
329	1222
330	1211
331	1246
332	1209
333	1175
334	1218
335	1200
336	1237
337	1264
338	1235
339	1305
340	1205
341	1196
342	1193
343	1264
344	1203
345	1180
346	1217
347	1234
348	1273
349	1148
350	1222
351	1270
352	1230
353	1233
354	1266
355	1238
356	1192
357	1182
358	1232
359	1255
360	1241
361	1162
362	1208
363	1206
364	1259
365	1194
366	1260
367	1183
368	1216
369	1143
370	1261
371	1238
372	1238
373	1142
374	1257
375	1260
376	1248
377	1176
378	1140
379	1219
380	1202
381	1181
382	1202
383	1215
384	1201
385	1190
386	1201
387	1152
388	1272
389	1210
390	1205
391	1259
392	1153
393	1190
394	1250
395	1213
396	1158
397	1244
398	1271
399	1234
400	1215
401	1252
402	1192
403	1162
404	1263
405	1194
406	1192
407	1251
408	1206
409	1209
410	1182
411	1193
412	1280
413	1229
414	1248
415	1200
416	1202
417	1244
418	1173
419	1287
420	1155
421	1183
422	1197
423	1198
424	1145
425	1243
426	1235
427	1211
428	1193
429	1249
430	1235
431	1240
432	1214
433	1148
434	1193
435	1188
436	1263
437	1204
438	1174
439	1180
440	1199
441	1239
442	1232
443	1211
444	1186
445	1191
446	1166
447	1196
448	1216
449	1200
450	1246
451	1222
452	1205
453	1228
454	1234
455	1266
456	1186
457	1214
458	1156
459	1182
460	1193
461	1226
462	1239
463	1187
464	1237
465	1213
466	1248
467	1225
468	1313
469	1239
470	1191
471	1221
472	1168
473	1192
474	1313
475	1200
476	1237
477	1252
478	1168
479	1192
480	1197
481	1192
482	1207
483	1199
484	1212
485	1202
486	1248
487	1233
488	1216
489	1288
490	1241
491	1118
492	1229
493	1165
494	1256
495	1222
496	1232
497	1171
498	1226
499	1176
500	1142
501	1203
502	1200
503	1173
504	1258
505	1182
506	1159
507	1201
508	1232
509	1232
510	1138
511	1203
512	1284
513	1203
514	1268
515	1174
516	1279
517	1215
518	1222
519	1273
520	1159
521	1131
522	1239
523	1208
524	1238
525	1232
526	1180
527	1229
528	1269
529	1242
530	1259
531	1236
532	1253
533	1167
534	1199
535	1161
536	1238
537	1186
538	1235
539	1241
540	1218
541	1208
542	1256
543	1231
544	1208
545	1171
546	1172
547	1267
548	1173
549	1195
550	1176
551	1147
552	1244
553	1240
554	1197
555	1213
556	1254
557	1163
558	1233
559	1176
560	1206
561	1193
562	1247
563	1224
564	1172
565	1251
566	1270
567	1179
568	1176
569	1216
570	1271
571	1284
572	1246
573	1150
574	1197
575	1226
576	1227
577	1222
578	1244
579	1129
580	1176
581	1220
582	1209
583	1110
584	1189
585	1229
586	1177
587	1318
588	1195
589	1225
590	1221
591	1197
592	1177
593	1216
594	1224
595	1210
596	1239
597	1237
598	1229
599	1144
600	1167
601	1212
602	1115
603	1180
604	1193
605	1210
606	1179
607	1167
608	1225
609	1214
610	1206
611	1208
612	1239
613	1114
614	1224
615	1222
616	1160
617	1186
618	1289
619	1229
620	1156
621	1256
622	1259
623	1209
624	1180
625	1220
626	1187
627	1256
628	1235
629	1190
630	1201
631	1165
632	1171
633	1191
634	1238
635	1209
636	1234
637	1252
638	1181
639	1269
640	1246
641	1211
642	1190
643	1225
644	1180
645	1185
646	1215
647	1167
648	1256
649	1164
650	1171
651	1230
652	1251
653	1273
654	1197
655	1165
656	1229
657	1264
658	1248
659	1134
660	1176
661	1215
662	1161
663	1192
664	1269
665	1190
666	1179
667	1224
668	1203
669	1217
670	1211
671	1202
672	1217
673	1141
674	1195
675	1245
676	1163
677	1153
678	1215
679	1183
680	1250
681	1250
682	1173
683	1158
684	1190
685	1198
686	1238
687	1166
688	1163
689	1178
690	1237
691	1219
692	1204
693	1173
694	1257
695	1260
696	1205
697	1248
698	1184
699	1242
700	1267
701	1258
702	1221
703	1244
704	1174
705	1222
706	1225
707	1220
708	1228
709	1218
710	1254
711	1141
712	1145
713	1193
714	1226
715	1211
716	1304
717	1201
718	1214
719	1254
720	1157
721	1195
722	1221
723	1177
724	1190
725	1229
726	1183
727	1260
728	1266
729	1158
730	1170
731	1248
732	1246
733	1238
734	1153
735	1233
736	1211
737	1249
738	1259
739	1260
740	1213
741	1304
742	1263
743	1237
744	1167
745	1224
746	1215
747	1224
748	1221
749	1262
750	1222
751	1273
752	1203
753	1178
754	1176
755	1190
756	1134
757	1257
758	1231
759	1165
760	1174
761	1251
762	1198
763	1252
764	1201
765	1177
766	1170
767	1230
768	1245
769	1284
770	1220
771	1132
772	1135
773	1201
774	1247
775	1194
776	1281
777	1171
778	1283
779	1222
780	1267
781	1230
782	1176
783	1322
784	1157
785	1218
786	1187
787	1188
788	1271
789	1290
790	1235
791	1242
792	1194
793	1238
794	1212
795	1197
796	1171
797	1193
798	1257
799	1271
800	1200
801	1259
802	1260
803	1233
804	1259
805	1217
806	1218
807	1250
808	1208
809	1228
810	1165
811	1270
812	1221
813	1204
814	1232
815	1209
816	1223
817	1203
818	1197
819	1245
820	1154
821	1202
822	1230
823	1211
824	1169
825	1284
826	1197
827	1189
828	1230
829	1217
830	1236
831	1260
832	1279
833	1137
834	1244
835	1224
836	1256
837	1220
838	1270
839	1226
840	1202
841	1276
842	1247
843	1230
844	1164
845	1239
846	1177
847	1213
848	1299
849	1182
850	1245
851	1267
852	1193
853	1269
854	1269
855	1213
856	1276
857	1195
858	1181
859	1219
860	1238
861	1190
862	1241
863	1220
864	1275
865	1241
866	1168
867	1167
868	1206
869	1269
870	1254
871	1171
872	1252
873	1209
874	1185
875	1239
876	1212
877	1215
878	1168
879	1200
880	1174
881	1196
882	1193
883	1199
884	1212
885	1247
886	1278
887	1246
888	1227
889	1195
890	1215
891	1158
892	1154
893	1202
894	1224
895	1198
896	1213
897	1226
898	1213
899	1236
900	1198
901	1239
902	1189
903	1220
904	1207
905	1245
906	1205
907	1221
908	1200
909	1277
910	1141
911	1207
912	1191
913	1168
914	1090
915	1208
916	1216
917	1191
918	1136
919	1173
920	1211
921	1200
922	1276
923	1152
924	1201
925	1222
926	1259
927	1245
928	1185
929	1201
930	1184
931	1290
932	1160
933	1252
934	1267
935	1241
936	1200
937	1189
938	1210
939	1233
940	1229
941	1155
942	1169
943	1181
944	1187
945	1267
946	1191
947	1210
948	1236
949	1175
950	1198
951	1164
952	1185
953	1170
954	1223
955	1222
956	1274
957	1258
958	1216
959	1168
960	1183
961	1232
962	1149
963	1219
964	1206
965	1235
966	1177
967	1208
968	1240
969	1209
970	1147
971	1210
972	1165
973	1241
974	1231
975	1245
976	1207
977	1249
978	1272
979	1206
980	1215
981	1155
982	1200
983	1213
984	1209
985	1179
986	1217
987	1299
988	1207
989	1225
990	1207
991	1196
992	1198
993	1182
994	1148
995	1197
996	1204
997	1217
998	1257
999	1195
1000	1201
1001	1201
1002	1191
1003	1258
1004	1219
1005	1178
1006	1272
1007	1195
1008	1233
1009	1233
1010	1204
1011	1184
1012	1181
1013	1164
1014	1236
1015	1225
1016	1164
1017	1155
1018	1284
1019	1212
1020	1243
1021	1225
1022	1149
1023	1184
1024	1190
1025	1214
1026	1264
1027	1168
1028	1243
1029	1179
1030	1238
1031	1200
1032	1188
1033	1205
1034	1229
1035	1267
1036	1187
1037	1145
1038	1199
1039	1204
1040	1160
1041	1229
1042	1232
1043	1244
1044	1200
1045	1185
1046	1208
1047	1234
1048	1232
1049	1194
1050	1248
1051	1251
1052	1178
1053	1170
1054	1270
1055	1220
1056	1234
1057	1146
1058	1204
1059	1184
1060	1174
1061	1206
1062	1170
1063	1261
1064	1278
1065	1224
1066	1182
1067	1198
1068	1251
1069	1222
1070	1259
1071	1241
1072	1248
1073	1203
1074	1245
1075	1178
1076	1225
1077	1251
1078	1248
1079	1206
1080	1254
1081	1215
1082	1174
1083	1159
1084	1220
1085	1176
1086	1180
1087	1219
1088	1179
1089	1215
1090	1158
1091	1247
1092	1192
1093	1191
1094	1241
1095	1172
1096	1232
1097	1205
1098	1239
1099	1235
1100	1260
1101	1225
1102	1209
1103	1219
1104	1285
1105	1208
1106	1166
1107	1160
1108	1203
1109	1173
1110	1184
1111	1239
1112	1231
1113	1155
1114	1205
1115	1218
1116	1232
1117	1231
1118	1246
1119	1181
1120	1202
1121	1183
1122	1239
1123	1157
1124	1181
1125	1231
1126	1174
1127	1252
1128	1228
1129	1192
1130	1210
1131	1253
1132	1188
1133	1261
1134	1213
1135	1203
1136	1255
1137	1232
1138	1258
1139	1240
1140	1240
1141	1217
1142	1222
1143	1208
1144	1178
1145	1183
1146	1211
1147	1175
1148	1228
1149	1203
1150	1223
1151	1190
1152	1199
1153	1165
1154	1195
1155	1230
1156	1177
1157	1173
1158	1176
1159	1180
1160	1187
1161	1206
1162	1205
1163	1216
1164	1144
1165	1202
1166	1260
1167	1182
1168	1204
1169	1123
1170	1196
1171	1301
1172	1199
1173	1223
1174	1278
1175	1176
1176	1307
1177	1205
1178	1191
1179	1278
1180	1201
1181	1214
1182	1208
1183	1221
1184	1219
1185	1214
1186	1239
1187	1219
1188	1186
1189	1187
1190	1251
1191	1249
1192	1112
1193	1233
1194	1182
1195	1211
1196	1182
1197	1228
1198	1230
1199	1202
1200	1216
1201	1199
1202	1215
1203	1222
1204	1194
1205	1232
1206	1184
1207	1234
1208	1230
1209	1213
1210	1164
1211	1288
1212	1224
1213	1247
1214	1206
1215	1205
1216	1207
1217	1199
1218	1265
1219	1226
1220	1213
1221	1174
1222	1173
1223	1262
1224	1204
1225	1154
1226	1270
1227	1187
1228	1302
1229	1177
1230	1227
1231	1232
1232	1116
1233	1239
1234	1186
1235	1196
1236	1232
1237	1138
1238	1172
1239	1213
1240	1162
1241	1247
1242	1265
1243	1220
1244	1192
1245	1206
1246	1209
1247	1181
1248	1226
1249	1227
1250	1203
1251	1272
1252	1148
1253	1192
1254	1167
1255	1237
1256	1236
1257	1257
1258	1264
1259	1170
1260	1201
1261	1217
1262	1205
1263	1230
1264	1199
1265	1161
1266	1217
1267	1238
1268	1260
1269	1234
1270	1242
1271	1230
1272	1219
1273	1191
1274	1173
1275	1217
1276	1158
1277	1174
1278	1227
1279	1261
1280	1224
1281	1183
1282	1184
1283	1257
1284	1260
1285	1206
1286	1227
1287	1260
1288	1167
1289	1173
1290	1196
1291	1199
1292	1238
1293	1248
1294	1178
1295	1196
1296	1185
1297	1232
1298	1179
1299	1210
1300	1157
1301	1214
1302	1196
1303	1194
1304	1273
1305	1298
1306	1148
1307	1149
1308	1206
1309	1236
1310	1201
1311	1190
1312	1181
1313	1207
1314	1213
1315	1188
1316	1169
1317	1204
1318	1181
1319	1185
1320	1297
1321	1200
1322	1259
1323	1186
1324	1227
1325	1150
1326	1265
1327	1227
1328	1200
1329	1223
1330	1182
1331	1181
1332	1186
1333	1284
1334	1254
1335	1254
1336	1211
1337	1181
1338	1257
1339	1189
1340	1230
1341	1245
1342	1207
1343	1227
1344	1189
1345	1269
1346	1282
1347	1194
1348	1217
1349	1241
1350	1225
1351	1173
1352	1157
1353	1219
1354	1236
1355	1216
1356	1216
1357	1263
1358	1168
1359	1133
1360	1209
1361	1244
1362	1250
1363	1248
1364	1202
1365	1252
1366	1155
1367	1250
1368	1290
1369	1182
1370	1232
1371	1208
1372	1196
1373	1217
1374	1186
1375	1196
1376	1227
1377	1202
1378	1207
1379	1196
1380	1252
1381	1209
1382	1254
1383	1188
1384	1218
1385	1213
1386	1199
1387	1254
1388	1177
1389	1218
1390	1217
1391	1240
1392	1262
1393	1204
1394	1281
1395	1258
1396	1202
1397	1230
1398	1202
1399	1175
1400	1199
1401	1241
1402	1185
1403	1190
1404	1221
1405	1138
1406	1233
1407	1164
1408	1236
1409	1235
1410	1260
1411	1206
1412	1248
1413	1209
1414	1155
1415	1143
1416	1182
1417	1187
1418	1278
1419	1176
1420	1149
1421	1196
1422	1188
1423	1288
1424	1192
1425	1217
1426	1203
1427	1201
1428	1206
1429	1198
1430	1226
1431	1259
1432	1222
1433	1232
1434	1204
1435	1239
1436	1224
1437	1169
1438	1242
1439	1183
1440	1227
1441	1170
1442	1243
1443	1224
1444	1216
1445	1133
1446	1247
1447	1213
1448	1213
1449	1223
1450	1222
1451	1228
1452	1221
1453	1195
1454	1243
1455	1237
1456	1237
1457	1190
1458	1211
1459	1223
1460	1226
1461	1178
1462	1232
1463	1235
1464	1248
1465	1256
1466	1205
1467	1190
1468	1202
1469	1222
1470	1203
1471	1229
1472	1184
1473	1258
1474	1199
1475	1231
1476	1218
1477	1176
1478	1240
1479	1179
1480	1236
1481	1224
1482	1219
1483	1214
1484	1227
1485	1242
1486	1292
1487	1268
1488	1162
1489	1196
1490	1182
1491	1160
1492	1245
1493	1208
1494	1197
1495	1225
1496	1214
1497	1250
1498	1234
1499	1247
1500	1201
1501	1233
1502	1181
1503	1233
1504	1186
1505	1240
1506	1207
1507	1235
1508	1237
1509	1172
1510	1268
1511	1220
1512	1167
1513	1211
1514	1227
1515	1230
1516	1204
1517	1198
1518	1250
1519	1192
1520	1183
1521	1214
1522	1252
1523	1141
1524	1261
1525	1213
1526	1245
1527	1214
1528	1218
1529	1250
1530	1209
1531	1171
1532	1245
1533	1271
1534	1228
1535	1230
1536	1249
1537	1238
1538	1247
1539	1169
1540	1205
1541	1190
1542	1233
1543	1239
1544	1165
1545	1233
1546	1245
1547	1186
1548	1205
1549	1179
1550	1170
1551	1239
1552	1138
1553	1223
1554	1216
1555	1206
1556	1215
1557	1196
1558	1221
1559	1218
1560	1207
1561	1162
1562	1228
1563	1194
1564	1151
1565	1319
1566	1230
1567	1205
1568	1202
1569	1229
1570	1265
1571	1178
1572	1209
1573	1173
1574	1184
1575	1212
1576	1253
1577	1220
1578	1153
1579	1226
1580	1153
1581	1174
1582	1230
1583	1267
1584	1276
1585	1170
1586	1250
1587	1249
1588	1166
1589	1230
1590	1228
1591	1167
1592	1228
1593	1222
1594	1123
1595	1209
1596	1281
1597	1259
1598	1196
1599	1167
1600	1229
1601	1224
1602	1219
1603	1260
1604	1278
1605	1214
1606	1195
1607	1224
1608	1236
1609	1195
1610	1292
1611	1195
1612	1238
1613	1204
1614	1178
1615	1252
1616	1173
1617	1257
1618	1258
1619	1260
1620	1145
1621	1197
1622	1208
1623	1218
1624	1189
1625	1198
1626	1165
1627	1253
1628	1170
1629	1289
1630	1236
1631	1231
1632	1218
1633	1252
1634	1238
1635	1167
1636	1173
1637	1184
1638	1154
1639	1295
1640	1174
1641	1262
1642	1162
1643	1208
1644	1224
1645	1160
1646	1193
1647	1239
1648	1175
1649	1248
1650	1226
1651	1260
1652	1223
1653	1209
1654	1213
1655	1234
1656	1163
1657	1222
1658	1203
1659	1265
1660	1184
1661	1235
1662	1289
1663	1197
1664	1199
1665	1244
1666	1251
1667	1241
1668	1240
1669	1210
1670	1181
1671	1235
1672	1189
1673	1178
1674	1244
1675	1175
1676	1240
1677	1217
1678	1275
1679	1160
1680	1233
1681	1240
1682	1189
1683	1256
1684	1255
1685	1192
1686	1206
1687	1262
1688	1271
1689	1235
1690	1203
1691	1261
1692	1247
1693	1235
1694	1176
1695	1177
1696	1190
1697	1193
1698	1184
1699	1218
1700	1165
1701	1197
1702	1208
1703	1262
1704	1249
1705	1209
1706	1202
1707	1195
1708	1198
1709	1212
1710	1137
1711	1180
1712	1231
1713	1239
1714	1241
1715	1223
1716	1152
1717	1215
1718	1179
1719	1230
1720	1193
1721	1179
1722	1193
1723	1243
1724	1185
1725	1166
1726	1227
1727	1161
1728	1228
1729	1197
1730	1235
1731	1204
1732	1226
1733	1209
1734	1207
1735	1148
1736	1198
1737	1203
1738	1149
1739	1179
1740	1200
1741	1211
1742	1183
1743	1262
1744	1213
1745	1238
1746	1262
1747	1252
1748	1190
1749	1238
1750	1110
1751	1216
1752	1234
1753	1250
1754	1185
1755	1209
1756	1191
1757	1198
1758	1216
1759	1321
1760	1265
1761	1213
1762	1166
1763	1270
1764	1221
1765	1219
1766	1145
1767	1288
1768	1203
1769	1249
1770	1175
1771	1204
1772	1292
1773	1291
1774	1220
1775	1193
1776	1196
1777	1195
1778	1205
1779	1243
1780	1193
1781	1245
1782	1163
1783	1185
1784	1259
1785	1263
1786	1229
1787	1171
1788	1248
1789	1193
1790	1169
1791	1213
1792	1178
1793	1204
1794	1164
1795	1270
1796	1253
1797	1237
1798	1227
1799	1206
1800	1171
1801	1256
1802	1206
1803	1199
1804	1210
1805	1147
1806	1239
1807	1243
1808	1265
1809	1274
1810	1224
1811	1216
1812	1157
1813	1192
1814	1220
1815	1243
1816	1229
1817	1190
1818	1176
1819	1153
1820	1167
1821	1122
1822	1126
1823	1255
1824	1215
1825	1166
1826	1195
1827	1217
1828	1243
1829	1183
1830	1264
1831	1269
1832	1282
1833	1186
1834	1149
1835	1194
1836	1150
1837	1179
1838	1192
1839	1211
1840	1219
1841	1190
1842	1194
1843	1169
1844	1187
1845	1210
1846	1178
1847	1206
1848	1217
1849	1176
1850	1263
1851	1195
1852	1214
1853	1240
1854	1202
1855	1259
1856	1231
1857	1205
1858	1256
1859	1203
1860	1186
1861	1207
1862	1177
1863	1160
1864	1196
1865	1246
1866	1204
1867	1212
1868	1174
1869	1251
1870	1212
1871	1177
1872	1219
1873	1196
1874	1277
1875	1236
1876	1253
1877	1210
1878	1219
1879	1189
1880	1269
1881	1135
1882	1174
1883	1195
1884	1181
1885	1170
1886	1218
1887	1171
1888	1218
1889	1219
1890	1191
1891	1212
1892	1201
1893	1202
1894	1205
1895	1179
1896	1227
1897	1183
1898	1234
1899	1256
1900	1206
1901	1215
1902	1221
1903	1228
1904	1174
1905	1176
1906	1229
1907	1225
1908	1243
1909	1191
1910	1226
1911	1235
1912	1202
1913	1188
1914	1182
1915	1227
1916	1204
1917	1277
1918	1174
1919	1199
1920	1219
1921	1240
1922	1174
1923	1214
1924	1220
1925	1206
1926	1163
1927	1240
1928	1281
1929	1225
1930	1213
1931	1173
1932	1252
1933	1252
1934	1297
1935	1282
1936	1236
1937	1237
1938	1223
1939	1203
1940	1153
1941	1187
1942	1253
1943	1211
1944	1158
1945	1199
1946	1254
1947	1223
1948	1186
1949	1236
1950	1268
1951	1224
1952	1195
1953	1202
1954	1212
1955	1211
1956	1227
1957	1264
1958	1222
1959	1174
1960	1197
1961	1184
1962	1208
1963	1185
1964	1148
1965	1213
1966	1172
1967	1164
1968	1183
1969	1171
1970	1251
1971	1232
1972	1220
1973	1205
1974	1232
1975	1248
1976	1183
1977	1198
1978	1191
1979	1141
1980	1232
1981	1182
1982	1214
1983	1151
1984	1197
1985	1252
1986	1188
1987	1252
1988	1119
1989	1207
1990	1260
1991	1227
1992	1197
1993	1251
1994	1253
1995	1219
1996	1180
1997	1202
1998	1192
1999	1183
2000	1143
2001	1220
2002	1239
2003	1211
2004	1174
2005	1165
2006	1239
2007	1251
2008	1202
2009	1244
2010	1212
2011	1185
2012	1181
2013	1163
2014	1197
2015	1165
2016	1193
2017	1262
2018	1213
2019	1263
2020	1174
2021	1219
2022	1236
2023	1166
2024	1255
2025	1267
2026	1204
2027	1176
2028	1242
2029	1114
2030	1179
2031	1195
2032	1168
2033	1227
2034	1175
2035	1187
2036	1192
2037	1216
2038	1239
2039	1201
2040	1237
2041	1179
2042	1240
2043	1204
2044	1171
2045	1280
2046	1231
2047	1157
2048	1274
