# Start time:    2026-07-23, 13:52:20
# Real time (s): 2100.000
# Live time (s): 2100.000
# Reactor power (MW): 1.000000
# Number of channels: 2048
# Channel width (usec): 2.000000
# Dead time (usec): 26.000000
# Number of frames: 419463
# Path length (cm): 191.500000
#
# Total counts:  4055213
# Chan. numb.	Numb. of counts
#-----------------------------------------------------------------------
1	0
2	0
3	1738
4	1701
5	1695
6	1724
7	1749
8	1676
9	1770
10	1794
11	1767
12	1735
13	1710
14	1753
15	1768
16	1773
17	1771
18	1698
19	1683
20	1761
21	1767
22	1845
23	1795
24	1757
25	1685
26	1742
27	1746
28	1856
29	1751
30	1711
31	1704
32	1764
33	1721
34	1692
35	1719
36	1729
37	1770
38	1702
39	1704
40	1768
41	1688
42	1776
43	1701
44	1790
45	1803
46	1720
47	1763
48	1760
49	1787
50	1694
51	1790
52	1794
53	1733
54	1794
55	1738
56	1768
57	1723
58	1792
59	1751
60	1694
61	1786
62	1748
63	1807
64	1754
65	1776
66	1699
67	1737
68	1724
69	1771
70	1713
71	1669
72	1703
73	1687
74	1731
75	1693
76	1867
77	1762
78	1719
79	1756
80	1667
81	1777
82	1709
83	1709
84	1715
85	1824
86	1743
87	1729
88	1789
89	1726
90	1735
91	1778
92	1800
93	1724
94	1734
95	1778
96	1733
97	1784
98	1705
99	1751
100	1756
101	1728
102	1723
103	1769
104	1738
105	1754
106	1878
107	1760
108	1783
109	1721
110	1795
111	1744
112	1826
113	1740
114	1715
115	1738
116	1715
117	1770
118	1727
119	1682
120	1760
121	1717
122	1803
123	1798
124	1757
125	1775
126	1749
127	1698
128	1695
129	1729
130	1815
131	1739
132	1823
133	1718
134	1776
135	1812
136	1793
137	1766
138	1825
139	1688
140	1821
141	1736
142	1733
143	1779
144	1767
145	1747
146	1799
147	1771
148	1820
149	1766
150	1818
151	1787
152	1757
153	1735
154	1759
155	1826
156	1784
157	1752
158	1862
159	1717
160	1831
161	1742
162	1741
163	1854
164	1804
165	1768
166	1847
167	1724
168	1747
169	1786
170	1790
171	1770
172	1779
173	1837
174	1741
175	1757
176	1800
177	1735
178	1812
179	1781
180	1818
181	1753
182	1760
183	1845
184	1756
185	1855
186	1867
187	1815
188	1776
189	1857
190	1874
191	1843
192	1765
193	1839
194	1777
195	1874
196	1825
197	1871
198	1830
199	1868
200	1791
201	1799
202	1876
203	1857
204	1898
205	1824
206	1871
207	1859
208	1880
209	1927
210	1855
211	1952
212	1868
213	1839
214	1921
215	1898
216	1893
217	2015
218	1934
219	1893
220	1915
221	1934
222	2003
223	1914
224	1833
225	1961
226	1954
227	2003
228	1980
229	1937
230	1913
231	1902
232	1959
233	1912
234	1925
235	1931
236	1962
237	2023
238	2032
239	2034
240	2027
241	1932
242	1944
243	2011
244	1983
245	2085
246	2015
247	2064
248	2023
249	1973
250	1971
251	2012
252	2019
253	1948
254	2023
255	2074
256	2069
257	2054
258	1988
259	1991
260	2039
261	2008
262	2084
263	2049
264	2065
265	2085
266	2084
267	2086
268	2041
269	2090
270	2023
271	2072
272	2018
273	1995
274	2104
275	2082
276	2105
277	2082
278	1949
279	2057
280	2100
281	2115
282	1997
283	2003
284	2114
285	2076
286	2106
287	2068
288	1989
289	2054
290	2112
291	2089
292	2052
293	2114
294	2060
295	2098
296	2052
297	2012
298	2076
299	2073
300	2047
301	2029
302	2032
303	1976
304	2054
305	1990
306	2082
307	2091
308	2097
309	2126
310	2150
311	2071
312	2078
313	2030
314	2042
315	2078
316	2048
317	2061
318	2029
319	2075
320	2088
321	2008
322	1989
323	2008
324	1979
325	2039
326	1984
327	2039
328	2017
329	1975
330	1959
331	2120
332	2014
333	1953
334	2049
335	2068
336	2056
337	1970
338	2058
339	2028
340	1991
341	1966
342	1989
343	2002
344	1973
345	1992
346	1974
347	1906
348	2043
349	1946
350	2022
351	1956
352	1989
353	1989
354	2043
355	1913
356	1961
357	2016
358	1991
359	1861
360	1931
361	1937
362	1981
363	1940
364	1980
365	1970
366	1863
367	1920
368	1977
369	1978
370	1964
371	1906
372	1993
373	1964
374	1972
375	1958
376	1984
377	1936
378	1895
379	1872
380	1944
381	1914
382	1945
383	1857
384	1886
385	1932
386	1891
387	1955
388	1873
389	1918
390	1853
391	1921
392	1843
393	1942
394	1897
395	1905
396	1908
397	1842
398	1890
399	1942
400	1907
401	1940
402	1975
403	1863
404	1830
405	1922
406	1914
407	1931
408	1907
409	1923
410	1921
411	1867
412	1919
413	1835
414	1819
415	1893
416	1839
417	1931
418	1821
419	2006
420	1876
421	1901
422	1993
423	1919
424	1868
425	1937
426	1882
427	1829
428	1867
429	1924
430	1860
431	1782
432	1881
433	1883
434	1828
435	1830
436	1803
437	1784
438	1856
439	1812
440	1848
441	1816
442	1805
443	1770
444	1847
445	1799
446	1739
447	1877
448	1882
449	1809
450	1836
451	1888
452	1820
453	1820
454	1811
455	1835
456	1790
457	1835
458	1930
459	1772
460	1860
461	1771
462	1795
463	1792
464	1748
465	1822
466	1886
467	1824
468	1886
469	1795
470	1764
471	1805
472	1863
473	1856
474	1807
475	1767
476	1820
477	1773
478	1804
479	1810
480	1754
481	1819
482	1842
483	1837
484	1823
485	1803
486	1841
487	1789
488	1761
489	1826
490	1829
491	1737
492	1803
493	1786
494	1858
495	1880
496	1742
497	1738
498	1740
499	1784
500	1817
501	1783
502	1824
503	1765
504	1710
505	1784
506	1857
507	1759
508	1791
509	1828
510	1759
511	1819
512	1849
513	1774
514	1826
515	1796
516	1809
517	1751
518	1842
519	1836
520	1865
521	1783
522	1760
523	1783
524	1721
525	1825
526	1748
527	1765
528	1787
529	1739
530	1777
531	1785
532	1715
533	1873
534	1782
535	1907
536	1826
537	1764
538	1771
539	1729
540	1807
541	1774
542	1833
543	1848
544	1805
545	1727
546	1811
547	1873
548	1714
549	1772
550	1765
551	1846
552	1722
553	1784
554	1793
555	1797
556	1791
557	1788
558	1818
559	1822
560	1734
561	1749
562	1820
563	1836
564	1755
565	1795
566	1764
567	1772
568	1818
569	1773
570	1749
571	1787
572	1731
573	1799
574	1849
575	1758
576	1775
577	1801
578	1818
579	1770
580	1825
581	1779
582	1756
583	1788
584	1770
585	1832
586	1747
587	1768
588	1786
589	1767
590	1770
591	1809
592	1787
593	1753
594	1710
595	1737
596	1875
597	1726
598	1767
599	1799
600	1730
601	1774
602	1762
603	1735
604	1725
605	1737
606	1752
607	1778
608	1770
609	1756
610	1772
611	1803
612	1815
613	1797
614	1751
615	1713
616	1661
617	1802
618	1685
619	1702
620	1749
621	1801
622	1753
623	1711
624	1768
625	1841
626	1761
627	1726
628	1726
629	1781
630	1749
631	1680
632	1748
633	1789
634	1748
635	1782
636	1718
637	1774
638	1663
639	1756
640	1706
641	1705
642	1679
643	1773
644	1771
645	1770
646	1668
647	1810
648	1773
649	1732
650	1797
651	1777
652	1715
653	1756
654	1745
655	1736
656	1726
657	1745
658	1761
659	1781
660	1754
661	1823
662	1702
663	1722
664	1763
665	1779
666	1752
667	1741
668	1714
669	1777
670	1726
671	1772
672	1790
673	1699
674	1784
675	1707
676	1706
677	1843
678	1695
679	1708
680	1792
681	1770
682	1832
683	1825
684	1753
685	1699
686	1734
687	1764
688	1753
689	1746
690	1805
691	1714
692	1739
693	1753
694	1711
695	1759
696	1748
697	1811
698	1680
699	1752
700	1713
701	1729
702	1624
703	1753
704	1800
705	1752
706	1830
707	1782
708	1734
709	1715
710	1783
711	1728
712	1751
713	1758
714	1774
715	1709
716	1739
717	1736
718	1789
719	1771
720	1762
721	1697
722	1747
723	1743
724	1736
725	1742
726	1755
727	1744
728	1754
729	1791
730	1750
731	1715
732	1696
733	1701
734	1735
735	1808
736	1759
737	1673
738	1748
739	1768
740	1706
741	1679
742	1675
743	1694
744	1772
745	1714
746	1731
747	1803
748	1666
749	1673
750	1778
751	1752
752	1740
753	1779
754	1775
755	1819
756	1708
757	1782
758	1814
759	1718
760	1709
761	1748
762	1714
763	1802
764	1732
765	1668
766	1791
767	1733
768	1754
769	1700
770	1658
771	1724
772	1654
773	1744
774	1684
775	1705
776	1752
777	1761
778	1695
779	1761
780	1816
781	1698
782	1716
783	1756
784	1708
785	1734
786	1771
787	1699
788	1692
789	1780
790	1785
791	1714
792	1683
793	1748
794	1805
795	1706
796	1768
797	1667
798	1756
799	1724
800	1763
801	1769
802	1742
803	1657
804	1747
805	1750
806	1653
807	1712
808	1730
809	1757
810	1641
811	1768
812	1751
813	1835
814	1713
815	1826
816	1732
817	1812
818	1823
819	1692
820	1771
821	1686
822	1701
823	1752
824	1707
825	1768
826	1774
827	1748
828	1712
829	1760
830	1700
831	1743
832	1728
833	1731
834	1753
835	1719
836	1709
837	1773
838	1782
839	1774
840	1811
841	1707
842	1761
843	1738
844	1725
845	1751
846	1678
847	1684
848	1697
849	1789
850	1769
851	1720
852	1733
853	1722
854	1769
855	1674
856	1809
857	1764
858	1774
859	1848
860	1702
861	1779
862	1693
863	1747
864	1791
865	1794
866	1693
867	1695
868	1745
869	1729
870	1760
871	1738
872	1749
873	1765
874	1739
875	1768
876	1725
877	1690
878	1696
879	1668
880	1753
881	1782
882	1735
883	1760
884	1735
885	1770
886	1691
887	1729
888	1702
889	1714
890	1736
891	1738
892	1692
893	1749
894	1635
895	1745
896	1717
897	1699
898	1730
899	1806
900	1672
901	1764
902	1768
903	1696
904	1700
905	1699
906	1745
907	1689
908	1719
909	1777
910	1738
911	1754
912	1777
913	1720
914	1761
915	1767
916	1675
917	1689
918	1720
919	1733
920	1817
921	1736
922	1752
923	1737
924	1721
925	1774
926	1761
927	1731
928	1771
929	1821
930	1712
931	1768
932	1700
933	1688
934	1794
935	1753
936	1715
937	1743
938	1760
939	1691
940	1692
941	1727
942	1713
943	1676
944	1785
945	1704
946	1738
947	1667
948	1741
949	1694
950	1735
951	1771
952	1738
953	1757
954	1753
955	1778
956	1748
957	1799
958	1721
959	1742
960	1728
961	1743
962	1711
963	1695
964	1739
965	1755
966	1781
967	1713
968	1734
969	1708
970	1758
971	1821
972	1688
973	1713
974	1714
975	1801
976	1713
977	1752
978	1721
979	1649
980	1734
981	1776
982	1691
983	1749
984	1724
985	1809
986	1731
987	1682
988	1675
989	1789
990	1715
991	1759
992	1709
993	1705
994	1761
995	1749
996	1632
997	1676
998	1748
999	1791
1000	1679
1001	1660
1002	1686
1003	1729
1004	1771
1005	1692
1006	1722
1007	1706
1008	1787
1009	1714
1010	1742
1011	1714
1012	1717
1013	1778
1014	1728
1015	1714
1016	1699
1017	1758
1018	1712
1019	1748
1020	1690
1021	1689
1022	1809
1023	1840
1024	1793
1025	1740
1026	1717
1027	1748
1028	1809
1029	1690
1030	1762
1031	1665
1032	1813
1033	1691
1034	1715
1035	1687
1036	1743
1037	1692
1038	1733
1039	1777
1040	1683
1041	1722
1042	1679
1043	1716
1044	1689
1045	1747
1046	1682
1047	1767
1048	1837
1049	1723
1050	1768
1051	1831
1052	1757
1053	1671
1054	1782
1055	1715
1056	1778
1057	1795
1058	1721
1059	1774
1060	1765
1061	1697
1062	1705
1063	1673
1064	1639
1065	1675
1066	1794
1067	1615
1068	1761
1069	1722
1070	1678
1071	1804
1072	1797
1073	1664
1074	1749
1075	1746
1076	1735
1077	1666
1078	1761
1079	1760
1080	1737
1081	1772
1082	1682
1083	1764
1084	1818
1085	1764
1086	1773
1087	1717
1088	1695
1089	1758
1090	1770
1091	1713
1092	1729
1093	1704
1094	1831
1095	1703
1096	1803
1097	1696
1098	1700
1099	1761
1100	1721
1101	1771
1102	1771
1103	1687
1104	1765
1105	1683
1106	1734
1107	1838
1108	1700
1109	1752
1110	1722
1111	1772
1112	1740
1113	1781
1114	1693
1115	1727
1116	1765
1117	1774
1118	1812
1119	1733
1120	1769
1121	1748
1122	1730
1123	1748
1124	1663
1125	1737
1126	1673
1127	1723
1128	1698
1129	1706
1130	1708
1131	1704
1132	1731
1133	1721
1134	1799
1135	1734
1136	1718
1137	1774
1138	1700
1139	1670
1140	1725
1141	1726
1142	1699
1143	1728
1144	1787
1145	1748
1146	1693
1147	1742
1148	1796
1149	1763
1150	1721
1151	1789
1152	1810
1153	1764
1154	1789
1155	1718
1156	1718
1157	1779
1158	1737
1159	1791
1160	1824
1161	1729
1162	1773
1163	1710
1164	1712
1165	1656
1166	1746
1167	1794
1168	1735
1169	1718
1170	1693
1171	1709
1172	1776
1173	1736
1174	1730
1175	1744
1176	1700
1177	1706
1178	1760
1179	1795
1180	1698
1181	1707
1182	1752
1183	1752
1184	1719
1185	1721
1186	1745
1187	1658
1188	1764
1189	1722
1190	1740
1191	1738
1192	1708
1193	1746
1194	1773
1195	1731
1196	1719
1197	1671
1198	1752
1199	1743
1200	1739
1201	1687
1202	1772
1203	1698
1204	1726
1205	1734
1206	1733
1207	1747
1208	1804
1209	1779
1210	1755
1211	1667
1212	1743
1213	1732
1214	1697
1215	1765
1216	1731
1217	1723
1218	1751
1219	1713
1220	1663
1221	1725
1222	1831
1223	1764
1224	1694
1225	1736
1226	1699
1227	1652
1228	1757
1229	1689
1230	1730
1231	1813
1232	1685
1233	1701
1234	1743
1235	1757
1236	1717
1237	1772
1238	1748
1239	1794
1240	1743
1241	1693
1242	1760
1243	1713
1244	1740
1245	1688
1246	1716
1247	1660
1248	1762
1249	1704
1250	1697
1251	1735
1252	1732
1253	1743
1254	1698
1255	1655
1256	1669
1257	1843
1258	1736
1259	1712
1260	1727
1261	1755
1262	1679
1263	1695
1264	1783
1265	1728
1266	1733
1267	1759
1268	1740
1269	1722
1270	1679
1271	1739
1272	1811
1273	1746
1274	1757
1275	1828
1276	1751
1277	1620
1278	1774
1279	1768
1280	1725
1281	1672
1282	1766
1283	1709
1284	1792
1285	1750
1286	1760
1287	1654
1288	1725
1289	1795
1290	1726
1291	1697
1292	1750
1293	1669
1294	1724
1295	1772
1296	1725
1297	1664
1298	1748
1299	1687
1300	1688
1301	1744
1302	1779
1303	1727
1304	1688
1305	1735
1306	1727
1307	1689
1308	1726
1309	1720
1310	1740
1311	1773
1312	1678
1313	1775
1314	1753
1315	1770
1316	1788
1317	1762
1318	1704
1319	1739
1320	1709
1321	1715
1322	1736
1323	1718
1324	1835
1325	1750
1326	1770
1327	1740
1328	1756
1329	1678
1330	1684
1331	1778
1332	1782
1333	1770
1334	1682
1335	1689
1336	1707
1337	1697
1338	1788
1339	1676
1340	1661
1341	1648
1342	1738
1343	1761
1344	1767
1345	1750
1346	1753
1347	1731
1348	1779
1349	1750
1350	1695
1351	1735
1352	1710
1353	1758
1354	1701
1355	1760
1356	1654
1357	1794
1358	1805
1359	1724
1360	1750
1361	1709
1362	1716
1363	1729
1364	1704
1365	1780
1366	1701
1367	1653
1368	1757
1369	1654
1370	1809
1371	1717
1372	1735
1373	1662
1374	1713
1375	1744
1376	1776
1377	1640
1378	1716
1379	1701
1380	1677
1381	1737
1382	1760
1383	1783
1384	1726
1385	1659
1386	1702
1387	1781
1388	1728
1389	1747
1390	1704
1391	1754
1392	1715
1393	1748
1394	1760
1395	1782
1396	1751
1397	1727
1398	1784
1399	1656
1400	1765
1401	1786
1402	1751
1403	1657
1404	1776
1405	1718
1406	1678
1407	1737
1408	1663
1409	1765
1410	1753
1411	1679
1412	1695
1413	1734
1414	1740
1415	1716
1416	1740
1417	1796
1418	1701
1419	1761
1420	1765
1421	1780
1422	1664
1423	1698
1424	1760
1425	1833
1426	1705
1427	1683
1428	1724
1429	1728
1430	1723
1431	1698
1432	1635
1433	1665
1434	1707
1435	1750
1436	1752
1437	1794
1438	1727
1439	1746
1440	1668
1441	1701
1442	1716
1443	1717
1444	1678
1445	1782
1446	1703
1447	1707
1448	1772
1449	1767
1450	1731
1451	1664
1452	1739
1453	1693
1454	1685
1455	1751
1456	1748
1457	1779
1458	1784
1459	1799
1460	1785
1461	1756
1462	1686
1463	1752
1464	1719
1465	1771
1466	1759
1467	1699
1468	1798
1469	1637
1470	1770
1471	1729
1472	1741
1473	1743
1474	1770
1475	1732
1476	1721
1477	1743
1478	1715
1479	1744
1480	1814
1481	1756
1482	1769
1483	1642
1484	1749
1485	1712
1486	1746
1487	1680
1488	1775
1489	1786
1490	1728
1491	1748
1492	1813
1493	1683
1494	1819
1495	1713
1496	1840
1497	1701
1498	1668
1499	1734
1500	1733
1501	1729
1502	1723
1503	1754
1504	1765
1505	1729
1506	1696
1507	1775
1508	1751
1509	1793
1510	1705
1511	1732
1512	1675
1513	1719
1514	1740
1515	1705
1516	1741
1517	1710
1518	1796
1519	1770
1520	1705
1521	1691
1522	1776
1523	1679
1524	1691
1525	1764
1526	1661
1527	1736
1528	1644
1529	1801
1530	1740
1531	1712
1532	1727
1533	1764
1534	1685
1535	1786
1536	1825
1537	1730
1538	1760
1539	1689
1540	1612
1541	1703
1542	1736
1543	1729
1544	1712
1545	1691
1546	1710
1547	1705
1548	1645
1549	1744
1550	1671
1551	1709
1552	1736
1553	1661
1554	1767
1555	1745
1556	1788
1557	1754
1558	1822
1559	1769
1560	1701
1561	1664
1562	1655
1563	1743
1564	1759
1565	1743
1566	1783
1567	1753
1568	1762
1569	1693
1570	1766
1571	1759
1572	1811
1573	1744
1574	1752
1575	1648
1576	1726
1577	1740
1578	1667
1579	1691
1580	1672
1581	1746
1582	1802
1583	1782
1584	1731
1585	1661
1586	1697
1587	1717
1588	1706
1589	1758
1590	1720
1591	1778
1592	1722
1593	1718
1594	1712
1595	1690
1596	1719
1597	1730
1598	1698
1599	1773
1600	1707
1601	1761
1602	1800
1603	1752
1604	1727
1605	1772
1606	1718
1607	1711
1608	1718
1609	1718
1610	1742
1611	1805
1612	1673
1613	1751
1614	1738
1615	1716
1616	1720
1617	1724
1618	1688
1619	1715
1620	1722
1621	1706
1622	1777
1623	1742
1624	1716
1625	1742
1626	1780
1627	1639
1628	1686
1629	1765
1630	1827
1631	1750
1632	1755
1633	1675
1634	1815
1635	1708
1636	1714
1637	1721
1638	1664
1639	1676
1640	1721
1641	1685
1642	1750
1643	1733
1644	1779
1645	1721
1646	1780
1647	1739
1648	1767
1649	1783
1650	1695
1651	1719
1652	1775
1653	1755
1654	1774
1655	1764
1656	1777
1657	1736
1658	1725
1659	1749
1660	1716
1661	1692
1662	1733
1663	1729
1664	1771
1665	1747
1666	1736
1667	1680
1668	1831
1669	1702
1670	1680
1671	1792
1672	1671
1673	1832
1674	1746
1675	1754
1676	1762
1677	1813
1678	1673
1679	1692
1680	1756
1681	1768
1682	1741
1683	1686
1684	1786
1685	1776
1686	1777
1687	1830
1688	1725
1689	1747
1690	1698
1691	1727
1692	1722
1693	1688
1694	1752
1695	1785
1696	1641
1697	1650
1698	1737
1699	1705
1700	1739
1701	1753
1702	1764
1703	1666
1704	1781
1705	1742
1706	1699
1707	1662
1708	1717
1709	1723
1710	1713
1711	1762
1712	1739
1713	1810
1714	1854
1715	1691
1716	1753
1717	1723
1718	1767
1719	1674
1720	1652
1721	1702
1722	1722
1723	1777
1724	1732
1725	1774
1726	1746
1727	1718
1728	1718
1729	1770
1730	1693
1731	1749
1732	1782
1733	1703
1734	1670
1735	1774
1736	1707
1737	1705
1738	1733
1739	1722
1740	1663
1741	1691
1742	1712
1743	1812
1744	1740
1745	1790
1746	1755
1747	1733
1748	1700
1749	1778
1750	1776
1751	1726
1752	1753
1753	1683
1754	1729
1755	1797
1756	1696
1757	1740
1758	1671
1759	1646
1760	1640
1761	1688
1762	1661
1763	1739
1764	1695
1765	1685
1766	1706
1767	1810
1768	1764
1769	1763
1770	1756
1771	1745
1772	1788
1773	1732
1774	1727
1775	1804
1776	1812
1777	1683
1778	1756
1779	1750
1780	1801
1781	1622
1782	1720
1783	1737
1784	1686
1785	1684
1786	1679
1787	1690
1788	1754
1789	1721
1790	1730
1791	1724
1792	1674
1793	1666
1794	1738
1795	1739
1796	1765
1797	1818
1798	1748
1799	1735
1800	1705
1801	1755
1802	1752
1803	1749
1804	1631
1805	1788
1806	1734
1807	1745
1808	1741
1809	1751
1810	1766
1811	1793
1812	1776
1813	1734
1814	1763
1815	1685
1816	1692
1817	1741
1818	1720
1819	1801
1820	1688
1821	1808
1822	1732
1823	1726
1824	1709
1825	1793
1826	1769
1827	1735
1828	1730
1829	1683
1830	1767
1831	1777
1832	1723
1833	1717
1834	1765
1835	1711
1836	1711
1837	1773
1838	1681
1839	1659
1840	1685
1841	1686
1842	1659
1843	1786
1844	1684
1845	1702
1846	1725
1847	1764
1848	1711
1849	1828
1850	1729
1851	1798
1852	1744
1853	1644
1854	1772
1855	1724
1856	1750
1857	1668
1858	1781
1859	1728
1860	1737
1861	1682
1862	1795
1863	1717
1864	1770
1865	1751
1866	1696
1867	1764
1868	1726
1869	1792
1870	1672
1871	1711
1872	1733
1873	1700
1874	1765
1875	1742
1876	1759
1877	1765
1878	1735
1879	1836
1880	1728
1881	1672
1882	1698
1883	1785
1884	1719
1885	1790
1886	1702
1887	1711
1888	1818
1889	1734
1890	1721
1891	1713
1892	1755
1893	1728
1894	1656
1895	1758
1896	1693
1897	1704
1898	1690
1899	1737
1900	1801
1901	1719
1902	1775
1903	1758
1904	1756
1905	1749
1906	1715
1907	1734
1908	1671
1909	1671
1910	1700
1911	1762
1912	1816
1913	1730
1914	1775
1915	1855
1916	1814
1917	1764
1918	1666
1919	1688
1920	1716
1921	1731
1922	1760
1923	1771
1924	1679
1925	1751
1926	1789
1927	1706
1928	1740
1929	1693
1930	1725
1931	1849
1932	1718
1933	1828
1934	1694
1935	1726
1936	1741
1937	1770
1938	1676
1939	1725
1940	1664
1941	1812
1942	1808
1943	1727
1944	1785
1945	1765
1946	1701
1947	1727
1948	1680
1949	1713
1950	1685
1951	1702
1952	1731
1953	1724
1954	1765
1955	1734
1956	1689
1957	1715
1958	1767
1959	1744
1960	1731
1961	1703
1962	1719
1963	1812
1964	1747
1965	1701
1966	1668
1967	1641
1968	1734
1969	1821
1970	1693
1971	1702
1972	1793
1973	1780
1974	1796
1975	1736
1976	1697
1977	1761
1978	1755
1979	1728
1980	1667
1981	1626
1982	1757
1983	1797
1984	1725
1985	1785
1986	1748
1987	1729
1988	1740
1989	1745
1990	1741
1991	1756
1992	1711
1993	1815
1994	1715
1995	1683
1996	1679
1997	1724
1998	1780
1999	1618
2000	1704
2001	1741
2002	1698
2003	1747
2004	1823
2005	1763
2006	1778
2007	1704
2008	1703
2009	1714
2010	1678
2011	1779
2012	1802
2013	1769
2014	1797
2015	1752
2016	1799
2017	1765
2018	1735
2019	1661
2020	1697
2021	1682
2022	1760
2023	1652
2024	1738
2025	1717
2026	1760
2027	1742
2028	1730
2029	1702
2030	1783
2031	1658
2032	1707
2033	1722
2034	1668
2035	1765
2036	1699
2037	1637
2038	1747
2039	1722
2040	1795
2041	1735
2042	1748
2043	1745
2044	1749
2045	1750
2046	1792
2047	1711
2048	1720
