# Start time:    2026-07-27, 15:11:52
# Real time (s): 1500.000
# Live time (s): 1500.000
# Reactor power (MW): 1.000000
# Number of channels: 2048
# Channel width (usec): 2.000000
# Dead time (usec): 26.000000
# Number of frames: 300362
# Path length (cm): 191.500000
#
# Total counts:  1125478
# Chan. numb.	Numb. of counts
#-----------------------------------------------------------------------
1	0
2	0
3	364
4	415
5	396
6	396
7	394
8	396
9	392
10	435
11	422
12	398
13	398
14	397
15	377
16	402
17	397
18	405
19	384
20	411
21	425
22	385
23	396
24	426
25	373
26	383
27	368
28	381
29	383
30	405
31	370
32	362
33	440
34	415
35	401
36	429
37	421
38	408
39	402
40	413
41	380
42	384
43	392
44	414
45	439
46	407
47	371
48	385
49	435
50	400
51	394
52	353
53	419
54	375
55	417
56	389
57	404
58	367
59	417
60	401
61	386
62	385
63	424
64	382
65	407
66	399
67	413
68	386
69	382
70	411
71	410
72	392
73	380
74	402
75	393
76	369
77	402
78	378
79	384
80	404
81	364
82	410
83	399
84	386
85	377
86	397
87	389
88	407
89	408
90	406
91	370
92	414
93	381
94	408
95	366
96	383
97	398
98	422
99	419
100	369
101	389
102	392
103	395
104	396
105	401
106	404
107	408
108	387
109	381
110	425
111	435
112	443
113	398
114	388
115	372
116	390
117	433
118	412
119	379
120	398
121	387
122	401
123	414
124	407
125	413
126	418
127	433
128	374
129	378
130	402
131	416
132	404
133	364
134	403
135	403
136	421
137	391
138	406
139	402
140	416
141	385
142	414
143	403
144	409
145	427
146	393
147	395
148	388
149	408
150	398
151	427
152	419
153	390
154	389
155	392
156	383
157	442
158	398
159	437
160	388
161	401
162	387
163	408
164	387
165	349
166	397
167	390
168	412
169	402
170	385
171	415
172	363
173	424
174	381
175	423
176	421
177	400
178	393
179	427
180	389
181	390
182	385
183	384
184	414
185	401
186	404
187	386
188	398
189	404
190	361
191	389
192	371
193	380
194	380
195	436
196	394
197	403
198	386
199	377
200	402
201	375
202	425
203	406
204	393
205	397
206	396
207	420
208	387
209	430
210	409
211	390
212	400
213	404
214	405
215	404
216	402
217	415
218	392
219	404
220	379
221	427
222	412
223	405
224	422
225	382
226	394
227	384
228	433
229	378
230	395
231	375
232	418
233	406
234	382
235	391
236	410
237	429
238	365
239	378
240	377
241	384
242	388
243	415
244	396
245	413
246	417
247	393
248	397
249	427
250	402
251	413
252	389
253	402
254	399
255	412
256	392
257	417
258	400
259	435
260	372
261	407
262	425
263	385
264	392
265	406
266	378
267	449
268	415
269	376
270	399
271	390
272	376
273	358
274	425
275	400
276	406
277	402
278	383
279	373
280	385
281	410
282	399
283	353
284	401
285	382
286	388
287	408
288	423
289	418
290	375
291	386
292	423
293	400
294	423
295	399
296	358
297	395
298	395
299	401
300	383
301	389
302	392
303	414
304	432
305	431
306	389
307	368
308	391
309	395
310	395
311	375
312	367
313	398
314	394
315	402
316	366
317	398
318	445
319	427
320	407
321	420
322	402
323	377
324	394
325	394
326	381
327	354
328	368
329	415
330	401
331	373
332	379
333	407
334	401
335	403
336	415
337	411
338	414
339	403
340	351
341	395
342	404
343	378
344	414
345	393
346	458
347	388
348	408
349	420
350	413
351	418
352	398
353	393
354	369
355	385
356	410
357	382
358	424
359	383
360	363
361	394
362	369
363	393
364	392
365	400
366	392
367	397
368	400
369	412
370	402
371	427
372	392
373	423
374	384
375	398
376	388
377	404
378	429
379	409
380	396
381	382
382	421
383	406
384	384
385	383
386	387
387	417
388	401
389	381
390	381
391	386
392	379
393	428
394	395
395	393
396	403
397	414
398	395
399	392
400	394
401	420
402	380
403	411
404	389
405	369
406	374
407	400
408	395
409	387
410	408
411	375
412	395
413	408
414	422
415	348
416	456
417	360
418	387
419	437
420	412
421	400
422	427
423	391
424	382
425	475
426	433
427	387
428	382
429	371
430	367
431	404
432	391
433	397
434	435
435	428
436	389
437	402
438	420
439	390
440	407
441	411
442	405
443	444
444	393
445	384
446	385
447	406
448	431
449	407
450	419
451	386
452	386
453	384
454	388
455	401
456	386
457	432
458	386
459	408
460	366
461	402
462	394
463	402
464	407
465	381
466	434
467	393
468	395
469	400
470	414
471	367
472	374
473	381
474	425
475	360
476	429
477	406
478	387
479	391
480	382
481	415
482	393
483	394
484	397
485	394
486	414
487	398
488	395
489	360
490	403
491	416
492	414
493	395
494	411
495	347
496	399
497	422
498	397
499	369
500	399
501	390
502	402
503	380
504	406
505	397
506	389
507	413
508	398
509	391
510	406
511	398
512	415
513	393
514	375
515	387
516	397
517	401
518	402
519	389
520	423
521	400
522	372
523	413
524	403
525	395
526	439
527	396
528	381
529	406
530	394
531	417
532	420
533	422
534	367
535	404
536	396
537	393
538	391
539	422
540	406
541	399
542	412
543	418
544	416
545	393
546	389
547	384
548	375
549	370
550	388
551	388
552	372
553	419
554	419
555	393
556	405
557	386
558	406
559	381
560	399
561	403
562	377
563	434
564	407
565	385
566	433
567	384
568	415
569	383
570	410
571	403
572	385
573	423
574	400
575	384
576	404
577	429
578	398
579	393
580	413
581	378
582	348
583	393
584	394
585	414
586	372
587	387
588	395
589	381
590	382
591	403
592	441
593	394
594	410
595	400
596	387
597	431
598	418
599	407
600	406
601	418
602	386
603	406
604	397
605	380
606	407
607	405
608	347
609	407
610	399
611	372
612	397
613	420
614	398
615	396
616	345
617	372
618	406
619	425
620	387
621	388
622	398
623	412
624	387
625	388
626	405
627	383
628	385
629	421
630	363
631	350
632	407
633	404
634	385
635	389
636	389
637	377
638	398
639	384
640	398
641	377
642	408
643	396
644	378
645	394
646	390
647	386
648	400
649	402
650	375
651	419
652	384
653	434
654	377
655	400
656	397
657	389
658	402
659	390
660	409
661	406
662	398
663	388
664	354
665	396
666	381
667	428
668	400
669	397
670	381
671	417
672	380
673	381
674	418
675	404
676	411
677	374
678	410
679	424
680	437
681	402
682	439
683	412
684	400
685	391
686	408
687	403
688	378
689	422
690	391
691	413
692	394
693	410
694	425
695	413
696	383
697	439
698	413
699	373
700	370
701	357
702	386
703	419
704	364
705	383
706	368
707	392
708	440
709	392
710	383
711	395
712	436
713	368
714	384
715	436
716	412
717	410
718	424
719	446
720	430
721	400
722	410
723	439
724	414
725	395
726	395
727	435
728	406
729	385
730	443
731	381
732	421
733	418
734	432
735	370
736	397
737	350
738	411
739	381
740	411
741	377
742	374
743	429
744	421
745	428
746	430
747	398
748	427
749	371
750	419
751	386
752	406
753	380
754	388
755	383
756	428
757	406
758	402
759	396
760	409
761	367
762	386
763	415
764	432
765	400
766	416
767	385
768	410
769	403
770	407
771	405
772	423
773	402
774	389
775	385
776	435
777	414
778	416
779	399
780	416
781	400
782	408
783	429
784	374
785	447
786	382
787	465
788	377
789	389
790	388
791	380
792	411
793	386
794	415
795	419
796	403
797	392
798	401
799	388
800	444
801	352
802	368
803	400
804	403
805	353
806	386
807	390
808	435
809	356
810	402
811	426
812	426
813	386
814	455
815	406
816	389
817	381
818	417
819	366
820	375
821	431
822	434
823	411
824	407
825	411
826	386
827	450
828	393
829	386
830	411
831	388
832	400
833	389
834	420
835	434
836	390
837	389
838	412
839	388
840	367
841	384
842	391
843	393
844	396
845	403
846	362
847	375
848	386
849	394
850	384
851	371
852	398
853	382
854	412
855	370
856	409
857	411
858	401
859	416
860	432
861	402
862	361
863	372
864	392
865	383
866	384
867	405
868	398
869	365
870	410
871	345
872	391
873	411
874	437
875	411
876	405
877	394
878	406
879	375
880	398
881	401
882	394
883	427
884	383
885	395
886	386
887	337
888	359
889	395
890	412
891	407
892	435
893	400
894	398
895	385
896	410
897	379
898	404
899	397
900	407
901	400
902	372
903	400
904	348
905	430
906	391
907	426
908	407
909	386
910	428
911	385
912	369
913	384
914	391
915	417
916	393
917	380
918	413
919	366
920	417
921	401
922	381
923	389
924	406
925	369
926	403
927	395
928	397
929	424
930	406
931	393
932	392
933	400
934	384
935	394
936	415
937	388
938	386
939	393
940	379
941	408
942	387
943	436
944	397
945	423
946	398
947	415
948	410
949	382
950	375
951	384
952	430
953	418
954	403
955	391
956	405
957	392
958	407
959	403
960	388
961	412
962	409
963	411
964	414
965	393
966	403
967	420
968	386
969	396
970	405
971	421
972	413
973	416
974	418
975	398
976	448
977	376
978	354
979	400
980	371
981	398
982	404
983	392
984	415
985	380
986	376
987	393
988	443
989	375
990	347
991	398
992	399
993	416
994	400
995	439
996	376
997	405
998	403
999	394
1000	398
1001	408
1002	426
1003	351
1004	368
1005	384
1006	405
1007	413
1008	395
1009	419
1010	390
1011	408
1012	418
1013	415
1014	384
1015	393
1016	422
1017	349
1018	418
1019	401
1020	413
1021	382
1022	391
1023	429
1024	382
1025	399
1026	401
1027	381
1028	426
1029	416
1030	388
1031	411
1032	406
1033	404
1034	397
1035	383
1036	364
1037	380
1038	386
1039	361
1040	402
1041	376
1042	402
1043	444
1044	418
1045	426
1046	434
1047	388
1048	417
1049	398
1050	407
1051	410
1052	402
1053	440
1054	424
1055	418
1056	388
1057	424
1058	395
1059	382
1060	435
1061	461
1062	436
1063	378
1064	415
1065	398
1066	392
1067	412
1068	407
1069	386
1070	428
1071	392
1072	387
1073	377
1074	412
1075	376
1076	422
1077	434
1078	424
1079	403
1080	409
1081	373
1082	371
1083	419
1084	414
1085	390
1086	437
1087	399
1088	409
1089	398
1090	381
1091	392
1092	401
1093	441
1094	413
1095	379
1096	375
1097	392
1098	394
1099	427
1100	406
1101	412
1102	376
1103	389
1104	410
1105	433
1106	391
1107	390
1108	374
1109	389
1110	398
1111	404
1112	397
1113	416
1114	420
1115	380
1116	412
1117	417
1118	394
1119	434
1120	384
1121	400
1122	400
1123	419
1124	425
1125	389
1126	382
1127	370
1128	404
1129	372
1130	389
1131	383
1132	374
1133	389
1134	394
1135	423
1136	395
1137	425
1138	379
1139	407
1140	378
1141	394
1142	399
1143	416
1144	403
1145	428
1146	379
1147	362
1148	395
1149	404
1150	368
1151	385
1152	374
1153	399
1154	365
1155	400
1156	381
1157	424
1158	432
1159	393
1160	433
1161	445
1162	401
1163	402
1164	377
1165	412
1166	379
1167	345
1168	423
1169	409
1170	410
1171	363
1172	357
1173	415
1174	414
1175	404
1176	352
1177	402
1178	408
1179	424
1180	403
1181	381
1182	403
1183	395
1184	436
1185	438
1186	405
1187	388
1188	380
1189	391
1190	381
1191	405
1192	388
1193	369
1194	401
1195	399
1196	403
1197	415
1198	385
1199	414
1200	395
1201	387
1202	409
1203	385
1204	378
1205	404
1206	413
1207	392
1208	377
1209	368
1210	383
1211	416
1212	414
1213	397
1214	418
1215	418
1216	395
1217	371
1218	395
1219	370
1220	395
1221	384
1222	393
1223	395
1224	404
1225	407
1226	403
1227	404
1228	397
1229	380
1230	423
1231	375
1232	411
1233	367
1234	399
1235	385
1236	408
1237	427
1238	384
1239	373
1240	410
1241	360
1242	395
1243	368
1244	395
1245	419
1246	389
1247	376
1248	418
1249	409
1250	393
1251	386
1252	394
1253	404
1254	392
1255	360
1256	406
1257	390
1258	412
1259	426
1260	424
1261	421
1262	385
1263	422
1264	385
1265	423
1266	416
1267	395
1268	382
1269	390
1270	348
1271	427
1272	413
1273	392
1274	371
1275	407
1276	365
1277	404
1278	364
1279	419
1280	419
1281	350
1282	417
1283	392
1284	386
1285	419
1286	385
1287	411
1288	386
1289	426
1290	437
1291	406
1292	398
1293	386
1294	386
1295	400
1296	387
1297	380
1298	391
1299	400
1300	383
1301	391
1302	396
1303	412
1304	413
1305	404
1306	425
1307	403
1308	411
1309	386
1310	395
1311	361
1312	406
1313	384
1314	422
1315	428
1316	378
1317	386
1318	405
1319	368
1320	394
1321	392
1322	405
1323	390
1324	401
1325	444
1326	409
1327	403
1328	379
1329	427
1330	437
1331	387
1332	409
1333	398
1334	425
1335	405
1336	414
1337	380
1338	421
1339	369
1340	392
1341	412
1342	409
1343	408
1344	401
1345	420
1346	426
1347	378
1348	380
1349	389
1350	385
1351	357
1352	425
1353	400
1354	423
1355	367
1356	418
1357	425
1358	391
1359	399
1360	380
1361	371
1362	415
1363	403
1364	418
1365	372
1366	395
1367	401
1368	392
1369	416
1370	397
1371	384
1372	376
1373	401
1374	419
1375	385
1376	389
1377	410
1378	394
1379	401
1380	419
1381	436
1382	381
1383	381
1384	406
1385	412
1386	396
1387	430
1388	396
1389	402
1390	422
1391	450
1392	385
1393	373
1394	427
1395	397
1396	384
1397	436
1398	378
1399	385
1400	399
1401	369
1402	364
1403	400
1404	416
1405	375
1406	409
1407	422
1408	408
1409	374
1410	395
1411	395
1412	411
1413	417
1414	406
1415	409
1416	368
1417	405
1418	383
1419	386
1420	418
1421	421
1422	377
1423	366
1424	378
1425	400
1426	339
1427	402
1428	409
1429	427
1430	386
1431	415
1432	382
1433	387
1434	359
1435	389
1436	379
1437	396
1438	379
1439	416
1440	411
1441	400
1442	403
1443	401
1444	385
1445	440
1446	412
1447	408
1448	392
1449	410
1450	401
1451	420
1452	393
1453	366
1454	387
1455	379
1456	373
1457	385
1458	379
1459	367
1460	371
1461	417
1462	388
1463	395
1464	355
1465	430
1466	396
1467	398
1468	399
1469	394
1470	404
1471	392
1472	364
1473	394
1474	376
1475	386
1476	403
1477	367
1478	411
1479	400
1480	394
1481	410
1482	386
1483	409
1484	396
1485	361
1486	410
1487	377
1488	389
1489	423
1490	403
1491	390
1492	416
1493	363
1494	387
1495	382
1496	418
1497	378
1498	374
1499	395
1500	383
1501	414
1502	378
1503	370
1504	378
1505	369
1506	403
1507	395
1508	405
1509	402
1510	424
1511	418
1512	392
1513	431
1514	408
1515	415
1516	382
1517	387
1518	384
1519	419
1520	395
1521	372
1522	372
1523	409
1524	394
1525	397
1526	400
1527	381
1528	415
1529	402
1530	408
1531	385
1532	375
1533	414
1534	393
1535	390
1536	396
1537	410
1538	403
1539	426
1540	408
1541	423
1542	410
1543	402
1544	413
1545	413
1546	403
1547	422
1548	387
1549	376
1550	419
1551	378
1552	384
1553	416
1554	407
1555	421
1556	417
1557	369
1558	350
1559	435
1560	428
1561	403
1562	407
1563	377
1564	370
1565	418
1566	376
1567	368
1568	421
1569	374
1570	389
1571	413
1572	398
1573	356
1574	409
1575	402
1576	431
1577	406
1578	410
1579	386
1580	420
1581	401
1582	413
1583	422
1584	392
1585	389
1586	419
1587	382
1588	393
1589	394
1590	423
1591	430
1592	380
1593	390
1594	377
1595	438
1596	349
1597	383
1598	370
1599	434
1600	395
1601	398
1602	386
1603	377
1604	409
1605	414
1606	387
1607	399
1608	396
1609	404
1610	360
1611	416
1612	393
1613	388
1614	389
1615	404
1616	414
1617	397
1618	409
1619	396
1620	402
1621	407
1622	381
1623	417
1624	398
1625	379
1626	385
1627	359
1628	381
1629	368
1630	434
1631	427
1632	427
1633	404
1634	423
1635	380
1636	384
1637	410
1638	387
1639	429
1640	390
1641	394
1642	395
1643	428
1644	406
1645	393
1646	404
1647	410
1648	408
1649	415
1650	403
1651	409
1652	398
1653	365
1654	419
1655	421
1656	375
1657	390
1658	393
1659	395
1660	411
1661	398
1662	395
1663	440
1664	452
1665	421
1666	414
1667	405
1668	370
1669	383
1670	402
1671	373
1672	431
1673	421
1674	385
1675	404
1676	387
1677	422
1678	382
1679	364
1680	416
1681	406
1682	379
1683	402
1684	393
1685	437
1686	403
1687	412
1688	392
1689	407
1690	420
1691	358
1692	391
1693	371
1694	426
1695	392
1696	427
1697	372
1698	397
1699	391
1700	385
1701	391
1702	370
1703	396
1704	405
1705	398
1706	405
1707	396
1708	384
1709	371
1710	399
1711	402
1712	435
1713	400
1714	387
1715	382
1716	399
1717	413
1718	404
1719	380
1720	410
1721	409
1722	415
1723	400
1724	417
1725	372
1726	411
1727	379
1728	429
1729	382
1730	395
1731	395
1732	375
1733	427
1734	404
1735	411
1736	405
1737	407
1738	375
1739	371
1740	392
1741	372
1742	404
1743	382
1744	416
1745	399
1746	391
1747	396
1748	414
1749	410
1750	404
1751	400
1752	387
1753	403
1754	368
1755	398
1756	373
1757	410
1758	392
1759	413
1760	416
1761	390
1762	393
1763	372
1764	421
1765	392
1766	372
1767	394
1768	407
1769	396
1770	393
1771	387
1772	404
1773	366
1774	392
1775	394
1776	419
1777	411
1778	406
1779	374
1780	416
1781	418
1782	384
1783	392
1784	396
1785	390
1786	395
1787	430
1788	382
1789	381
1790	383
1791	390
1792	412
1793	393
1794	391
1795	400
1796	387
1797	388
1798	405
1799	415
1800	405
1801	380
1802	404
1803	386
1804	375
1805	443
1806	412
1807	367
1808	385
1809	398
1810	384
1811	396
1812	408
1813	414
1814	404
1815	385
1816	402
1817	380
1818	410
1819	409
1820	378
1821	417
1822	406
1823	406
1824	402
1825	414
1826	376
1827	414
1828	410
1829	428
1830	410
1831	418
1832	376
1833	408
1834	427
1835	409
1836	386
1837	401
1838	452
1839	430
1840	383
1841	420
1842	400
1843	407
1844	422
1845	459
1846	379
1847	374
1848	438
1849	414
1850	352
1851	377
1852	397
1853	391
1854	407
1855	422
1856	421
1857	419
1858	413
1859	394
1860	391
1861	405
1862	395
1863	372
1864	357
1865	389
1866	408
1867	395
1868	434
1869	398
1870	375
1871	383
1872	371
1873	430
1874	401
1875	401
1876	395
1877	420
1878	415
1879	367
1880	406
1881	402
1882	398
1883	392
1884	431
1885	390
1886	391
1887	418
1888	432
1889	409
1890	365
1891	411
1892	377
1893	394
1894	389
1895	431
1896	388
1897	375
1898	366
1899	369
1900	413
1901	404
1902	413
1903	424
1904	383
1905	406
1906	417
1907	420
1908	407
1909	399
1910	421
1911	398
1912	400
1913	406
1914	403
1915	409
1916	401
1917	393
1918	411
1919	413
1920	414
1921	431
1922	409
1923	427
1924	418
1925	400
1926	440
1927	370
1928	424
1929	338
1930	451
1931	359
1932	421
1933	364
1934	402
1935	383
1936	411
1937	414
1938	425
1939	418
1940	394
1941	419
1942	424
1943	388
1944	401
1945	434
1946	413
1947	428
1948	374
1949	413
1950	373
1951	423
1952	380
1953	392
1954	381
1955	405
1956	389
1957	356
1958	385
1959	395
1960	381
1961	386
1962	372
1963	410
1964	394
1965	413
1966	403
1967	402
1968	426
1969	418
1970	401
1971	448
1972	389
1973	397
1974	436
1975	395
1976	437
1977	426
1978	358
1979	424
1980	396
1981	407
1982	420
1983	361
1984	380
1985	404
1986	393
1987	402
1988	418
1989	417
1990	393
1991	412
1992	400
1993	395
1994	395
1995	404
1996	426
1997	404
1998	396
1999	399
2000	414
2001	394
2002	397
2003	371
2004	381
2005	381
2006	388
2007	423
2008	390
2009	404
2010	411
2011	420
2012	405
2013	401
2014	411
2015	380
2016	412
2017	397
2018	426
2019	402
2020	390
2021	405
2022	423
2023	361
2024	425
2025	389
2026	400
2027	384
2028	396
2029	385
2030	370
2031	396
2032	401
2033	405
2034	414
2035	417
2036	430
2037	450
2038	408
2039	378
2040	396
2041	411
2042	396
2043	404
2044	373
2045	401
2046	411
2047	413
2048	431
