# Start time:    2026-07-27, 10:33:42
# Real time (s): 1500.010
# Live time (s): 1500.000
# Reactor power (MW): 1.000000
# Number of channels: 2048
# Channel width (usec): 2.000000
# Dead time (usec): 26.000000
# Number of frames: 297368
# Path length (cm): 191.500000
#
# Total counts:  997738
# Chan. numb.	Numb. of counts
#-----------------------------------------------------------------------
1	0
2	0
3	348
4	318
5	340
6	350
7	331
8	328
9	352
10	353
11	329
12	340
13	354
14	330
15	350
16	339
17	326
18	346
19	319
20	364
21	331
22	345
23	344
24	336
25	309
26	358
27	323
28	338
29	335
30	328
31	311
32	349
33	334
34	343
35	327
36	355
37	361
38	315
39	347
40	334
41	344
42	310
43	344
44	342
45	306
46	331
47	336
48	321
49	342
50	344
51	342
52	319
53	355
54	352
55	331
56	331
57	360
58	333
59	354
60	341
61	309
62	360
63	369
64	339
65	372
66	332
67	322
68	352
69	334
70	322
71	325
72	354
73	328
74	315
75	329
76	313
77	383
78	340
79	341
80	322
81	332
82	315
83	379
84	379
85	338
86	333
87	329
88	335
89	323
90	334
91	339
92	309
93	331
94	361
95	361
96	333
97	338
98	344
99	322
100	369
101	347
102	352
103	333
104	327
105	357
106	343
107	334
108	354
109	335
110	335
111	346
112	320
113	328
114	324
115	330
116	324
117	293
118	346
119	341
120	333
121	344
122	346
123	330
124	344
125	337
126	329
127	317
128	325
129	338
130	321
131	338
132	304
133	369
134	319
135	362
136	365
137	318
138	355
139	344
140	368
141	397
142	349
143	310
144	370
145	317
146	310
147	351
148	350
149	320
150	327
151	336
152	367
153	352
154	349
155	326
156	341
157	308
158	375
159	351
160	355
161	354
162	365
163	327
164	334
165	338
166	329
167	356
168	316
169	332
170	357
171	296
172	347
173	331
174	311
175	333
176	350
177	306
178	360
179	358
180	339
181	347
182	351
183	353
184	313
185	318
186	363
187	316
188	325
189	333
190	362
191	341
192	343
193	358
194	333
195	308
196	334
197	368
198	330
199	370
200	366
201	317
202	335
203	304
204	336
205	326
206	305
207	330
208	326
209	337
210	340
211	343
212	335
213	309
214	347
215	324
216	333
217	342
218	358
219	347
220	319
221	327
222	319
223	330
224	352
225	323
226	329
227	319
228	336
229	351
230	315
231	293
232	360
233	318
234	323
235	330
236	383
237	329
238	337
239	353
240	338
241	336
242	307
243	372
244	363
245	343
246	361
247	338
248	351
249	346
250	334
251	316
252	291
253	332
254	322
255	349
256	373
257	284
258	349
259	357
260	358
261	337
262	345
263	324
264	309
265	330
266	320
267	338
268	335
269	324
270	320
271	361
272	368
273	365
274	319
275	323
276	323
277	347
278	365
279	320
280	350
281	334
282	314
283	331
284	344
285	343
286	323
287	327
288	366
289	325
290	348
291	334
292	334
293	340
294	319
295	315
296	319
297	346
298	343
299	320
300	342
301	329
302	373
303	314
304	316
305	362
306	362
307	342
308	320
309	345
310	282
311	329
312	338
313	319
314	346
315	324
316	358
317	332
318	343
319	359
320	321
321	318
322	354
323	343
324	324
325	338
326	345
327	342
328	313
329	329
330	329
331	367
332	303
333	345
334	341
335	355
336	340
337	345
338	332
339	332
340	310
341	356
342	309
343	360
344	328
345	328
346	341
347	320
348	327
349	330
350	334
351	350
352	330
353	336
354	356
355	355
356	354
357	319
358	348
359	356
360	323
361	358
362	336
363	354
364	383
365	358
366	318
367	342
368	320
369	363
370	334
371	340
372	303
373	338
374	342
375	369
376	333
377	356
378	327
379	306
380	342
381	356
382	355
383	331
384	359
385	337
386	344
387	331
388	300
389	323
390	342
391	315
392	346
393	300
394	328
395	353
396	299
397	310
398	367
399	355
400	357
401	338
402	329
403	339
404	343
405	323
406	312
407	375
408	292
409	328
410	333
411	335
412	365
413	327
414	320
415	323
416	331
417	344
418	342
419	318
420	336
421	344
422	362
423	323
424	370
425	306
426	339
427	339
428	314
429	322
430	352
431	330
432	382
433	339
434	339
435	339
436	299
437	321
438	345
439	359
440	295
441	346
442	365
443	335
444	344
445	325
446	334
447	344
448	339
449	355
450	360
451	325
452	341
453	316
454	318
455	340
456	319
457	325
458	351
459	307
460	347
461	300
462	353
463	347
464	363
465	338
466	367
467	345
468	313
469	348
470	318
471	307
472	318
473	345
474	355
475	340
476	325
477	330
478	342
479	348
480	337
481	318
482	318
483	325
484	321
485	348
486	337
487	332
488	336
489	315
490	348
491	315
492	316
493	339
494	372
495	333
496	347
497	338
498	347
499	340
500	354
501	306
502	381
503	359
504	342
505	364
506	326
507	336
508	325
509	335
510	322
511	315
512	320
513	329
514	349
515	331
516	353
517	353
518	337
519	350
520	297
521	360
522	375
523	326
524	301
525	346
526	351
527	350
528	346
529	364
530	352
531	322
532	329
533	331
534	335
535	340
536	329
537	346
538	362
539	322
540	346
541	328
542	342
543	328
544	325
545	333
546	356
547	339
548	344
549	324
550	358
551	355
552	336
553	330
554	342
555	369
556	334
557	344
558	339
559	290
560	331
561	354
562	354
563	326
564	338
565	333
566	332
567	352
568	371
569	344
570	330
571	322
572	365
573	337
574	366
575	330
576	349
577	353
578	332
579	308
580	316
581	340
582	333
583	342
584	348
585	371
586	314
587	367
588	377
589	307
590	354
591	317
592	372
593	346
594	322
595	324
596	322
597	364
598	325
599	338
600	320
601	327
602	316
603	328
604	371
605	303
606	326
607	329
608	326
609	312
610	346
611	326
612	351
613	302
614	346
615	353
616	320
617	306
618	311
619	346
620	328
621	307
622	342
623	325
624	311
625	338
626	358
627	318
628	335
629	305
630	362
631	340
632	339
633	345
634	331
635	335
636	340
637	318
638	357
639	350
640	364
641	345
642	333
643	330
644	354
645	337
646	379
647	318
648	331
649	329
650	333
651	335
652	340
653	323
654	330
655	313
656	324
657	350
658	359
659	348
660	325
661	343
662	323
663	358
664	322
665	327
666	384
667	374
668	325
669	316
670	335
671	361
672	334
673	347
674	336
675	314
676	337
677	365
678	318
679	346
680	336
681	315
682	360
683	316
684	310
685	345
686	373
687	340
688	325
689	294
690	357
691	336
692	344
693	311
694	326
695	322
696	335
697	366
698	346
699	345
700	362
701	329
702	325
703	331
704	333
705	339
706	333
707	329
708	342
709	358
710	347
711	370
712	327
713	328
714	307
715	362
716	322
717	297
718	354
719	329
720	362
721	351
722	331
723	304
724	338
725	354
726	359
727	362
728	345
729	308
730	356
731	370
732	324
733	341
734	345
735	321
736	330
737	329
738	333
739	351
740	310
741	331
742	320
743	364
744	322
745	361
746	349
747	327
748	321
749	331
750	343
751	339
752	322
753	339
754	332
755	324
756	340
757	314
758	342
759	307
760	352
761	353
762	361
763	321
764	349
765	352
766	363
767	340
768	349
769	322
770	342
771	347
772	340
773	334
774	367
775	327
776	341
777	364
778	327
779	357
780	337
781	311
782	316
783	335
784	345
785	335
786	323
787	340
788	341
789	326
790	353
791	333
792	312
793	345
794	313
795	333
796	352
797	297
798	345
799	372
800	310
801	364
802	327
803	322
804	328
805	367
806	310
807	307
808	293
809	349
810	369
811	330
812	350
813	313
814	318
815	365
816	307
817	332
818	328
819	332
820	333
821	328
822	327
823	336
824	322
825	298
826	336
827	353
828	305
829	339
830	370
831	354
832	329
833	325
834	342
835	336
836	355
837	334
838	324
839	329
840	361
841	317
842	295
843	339
844	341
845	335
846	299
847	338
848	313
849	353
850	349
851	356
852	338
853	343
854	342
855	358
856	336
857	341
858	346
859	328
860	364
861	318
862	346
863	371
864	366
865	339
866	369
867	323
868	349
869	328
870	324
871	365
872	323
873	369
874	317
875	315
876	320
877	320
878	371
879	321
880	335
881	358
882	316
883	349
884	365
885	379
886	330
887	354
888	323
889	368
890	359
891	332
892	367
893	368
894	353
895	335
896	305
897	339
898	344
899	352
900	298
901	317
902	367
903	354
904	340
905	307
906	289
907	362
908	349
909	310
910	351
911	372
912	337
913	368
914	360
915	336
916	325
917	349
918	329
919	341
920	312
921	361
922	370
923	329
924	329
925	333
926	320
927	361
928	342
929	337
930	358
931	312
932	356
933	350
934	323
935	325
936	352
937	361
938	332
939	323
940	347
941	348
942	375
943	333
944	361
945	310
946	368
947	325
948	346
949	321
950	342
951	333
952	326
953	322
954	358
955	315
956	325
957	325
958	361
959	315
960	347
961	338
962	347
963	351
964	348
965	326
966	366
967	354
968	334
969	333
970	319
971	344
972	332
973	326
974	372
975	314
976	349
977	340
978	329
979	348
980	348
981	318
982	326
983	360
984	334
985	348
986	329
987	362
988	311
989	339
990	329
991	328
992	311
993	335
994	318
995	353
996	363
997	340
998	344
999	349
1000	315
1001	333
1002	280
1003	347
1004	306
1005	327
1006	324
1007	301
1008	331
1009	326
1010	316
1011	352
1012	330
1013	341
1014	355
1015	336
1016	316
1017	365
1018	314
1019	310
1020	378
1021	319
1022	315
1023	319
1024	316
1025	362
1026	335
1027	316
1028	309
1029	336
1030	377
1031	336
1032	322
1033	343
1034	318
1035	361
1036	352
1037	332
1038	362
1039	314
1040	338
1041	324
1042	360
1043	331
1044	334
1045	375
1046	335
1047	357
1048	338
1049	335
1050	334
1051	349
1052	330
1053	331
1054	332
1055	344
1056	360
1057	309
1058	308
1059	324
1060	347
1061	305
1062	329
1063	334
1064	345
1065	337
1066	338
1067	359
1068	307
1069	325
1070	335
1071	341
1072	333
1073	361
1074	324
1075	313
1076	355
1077	343
1078	367
1079	342
1080	331
1081	318
1082	339
1083	319
1084	323
1085	339
1086	361
1087	377
1088	361
1089	325
1090	317
1091	312
1092	312
1093	351
1094	319
1095	313
1096	296
1097	355
1098	340
1099	350
1100	373
1101	321
1102	314
1103	333
1104	332
1105	323
1106	347
1107	348
1108	361
1109	345
1110	332
1111	344
1112	368
1113	346
1114	334
1115	334
1116	356
1117	341
1118	317
1119	319
1120	371
1121	384
1122	313
1123	324
1124	335
1125	340
1126	337
1127	340
1128	357
1129	344
1130	345
1131	346
1132	325
1133	308
1134	315
1135	319
1136	327
1137	352
1138	323
1139	357
1140	366
1141	320
1142	293
1143	313
1144	344
1145	368
1146	349
1147	346
1148	341
1149	313
1150	324
1151	323
1152	361
1153	340
1154	321
1155	345
1156	365
1157	347
1158	361
1159	347
1160	358
1161	335
1162	370
1163	321
1164	333
1165	367
1166	305
1167	325
1168	335
1169	385
1170	311
1171	315
1172	350
1173	380
1174	343
1175	338
1176	379
1177	337
1178	349
1179	339
1180	349
1181	330
1182	318
1183	326
1184	333
1185	360
1186	342
1187	333
1188	349
1189	336
1190	331
1191	333
1192	304
1193	321
1194	333
1195	344
1196	310
1197	340
1198	320
1199	332
1200	355
1201	347
1202	347
1203	352
1204	321
1205	361
1206	337
1207	299
1208	332
1209	308
1210	297
1211	332
1212	325
1213	350
1214	319
1215	377
1216	348
1217	340
1218	323
1219	337
1220	359
1221	354
1222	350
1223	338
1224	334
1225	340
1226	351
1227	335
1228	359
1229	341
1230	319
1231	318
1232	341
1233	316
1234	315
1235	312
1236	372
1237	309
1238	363
1239	324
1240	352
1241	345
1242	323
1243	360
1244	297
1245	363
1246	348
1247	351
1248	336
1249	364
1250	366
1251	345
1252	331
1253	368
1254	313
1255	352
1256	287
1257	311
1258	328
1259	348
1260	344
1261	326
1262	358
1263	305
1264	328
1265	345
1266	342
1267	341
1268	301
1269	330
1270	334
1271	353
1272	351
1273	314
1274	334
1275	382
1276	332
1277	330
1278	336
1279	317
1280	333
1281	329
1282	369
1283	348
1284	331
1285	365
1286	350
1287	343
1288	361
1289	345
1290	354
1291	339
1292	336
1293	330
1294	338
1295	354
1296	370
1297	321
1298	320
1299	341
1300	328
1301	356
1302	330
1303	328
1304	361
1305	369
1306	347
1307	338
1308	334
1309	351
1310	331
1311	338
1312	332
1313	343
1314	302
1315	319
1316	328
1317	337
1318	362
1319	332
1320	333
1321	328
1322	329
1323	346
1324	353
1325	352
1326	332
1327	374
1328	336
1329	327
1330	341
1331	343
1332	336
1333	367
1334	339
1335	342
1336	357
1337	337
1338	344
1339	335
1340	359
1341	361
1342	363
1343	320
1344	313
1345	306
1346	339
1347	318
1348	339
1349	375
1350	345
1351	347
1352	339
1353	351
1354	330
1355	352
1356	362
1357	375
1358	366
1359	311
1360	359
1361	314
1362	329
1363	345
1364	342
1365	343
1366	364
1367	343
1368	321
1369	340
1370	339
1371	335
1372	343
1373	337
1374	351
1375	364
1376	323
1377	367
1378	343
1379	346
1380	345
1381	335
1382	347
1383	353
1384	341
1385	375
1386	331
1387	339
1388	338
1389	341
1390	378
1391	328
1392	342
1393	327
1394	340
1395	340
1396	364
1397	334
1398	344
1399	340
1400	347
1401	342
1402	365
1403	342
1404	309
1405	350
1406	327
1407	320
1408	356
1409	354
1410	334
1411	353
1412	331
1413	333
1414	338
1415	311
1416	319
1417	311
1418	355
1419	304
1420	322
1421	332
1422	345
1423	349
1424	336
1425	362
1426	356
1427	307
1428	308
1429	335
1430	341
1431	344
1432	323
1433	382
1434	329
1435	327
1436	327
1437	314
1438	336
1439	307
1440	344
1441	357
1442	346
1443	333
1444	344
1445	340
1446	357
1447	345
1448	346
1449	355
1450	343
1451	321
1452	338
1453	354
1454	335
1455	340
1456	346
1457	342
1458	307
1459	336
1460	322
1461	326
1462	302
1463	351
1464	359
1465	371
1466	348
1467	335
1468	322
1469	298
1470	343
1471	337
1472	348
1473	353
1474	315
1475	313
1476	309
1477	344
1478	364
1479	353
1480	352
1481	315
1482	373
1483	335
1484	355
1485	325
1486	342
1487	338
1488	310
1489	342
1490	321
1491	346
1492	336
1493	346
1494	357
1495	371
1496	343
1497	331
1498	347
1499	327
1500	332
1501	317
1502	360
1503	316
1504	339
1505	330
1506	327
1507	316
1508	350
1509	335
1510	345
1511	333
1512	352
1513	344
1514	324
1515	375
1516	314
1517	289
1518	335
1519	338
1520	326
1521	339
1522	366
1523	343
1524	341
1525	314
1526	339
1527	322
1528	326
1529	344
1530	304
1531	302
1532	376
1533	303
1534	337
1535	318
1536	335
1537	336
1538	328
1539	333
1540	330
1541	346
1542	347
1543	340
1544	361
1545	371
1546	343
1547	347
1548	346
1549	345
1550	334
1551	346
1552	370
1553	323
1554	319
1555	349
1556	320
1557	331
1558	336
1559	316
1560	345
1561	349
1562	315
1563	349
1564	349
1565	324
1566	329
1567	362
1568	345
1569	328
1570	354
1571	321
1572	343
1573	344
1574	375
1575	348
1576	331
1577	328
1578	319
1579	308
1580	347
1581	308
1582	322
1583	329
1584	310
1585	324
1586	349
1587	363
1588	370
1589	332
1590	344
1591	324
1592	349
1593	351
1594	317
1595	343
1596	383
1597	349
1598	341
1599	344
1600	355
1601	346
1602	343
1603	342
1604	317
1605	389
1606	311
1607	335
1608	320
1609	325
1610	345
1611	339
1612	335
1613	345
1614	332
1615	354
1616	327
1617	342
1618	334
1619	365
1620	317
1621	344
1622	339
1623	364
1624	329
1625	346
1626	332
1627	316
1628	335
1629	362
1630	353
1631	322
1632	327
1633	333
1634	360
1635	333
1636	337
1637	343
1638	315
1639	351
1640	327
1641	353
1642	361
1643	358
1644	346
1645	336
1646	361
1647	350
1648	331
1649	352
1650	317
1651	375
1652	311
1653	331
1654	362
1655	357
1656	342
1657	332
1658	321
1659	330
1660	354
1661	327
1662	344
1663	317
1664	315
1665	320
1666	342
1667	350
1668	357
1669	363
1670	334
1671	345
1672	304
1673	322
1674	367
1675	339
1676	320
1677	332
1678	326
1679	342
1680	321
1681	338
1682	345
1683	333
1684	337
1685	365
1686	339
1687	363
1688	340
1689	342
1690	345
1691	338
1692	364
1693	341
1694	347
1695	352
1696	344
1697	321
1698	322
1699	336
1700	339
1701	334
1702	340
1703	335
1704	334
1705	350
1706	341
1707	353
1708	327
1709	373
1710	342
1711	357
1712	347
1713	326
1714	373
1715	331
1716	326
1717	356
1718	337
1719	313
1720	304
1721	343
1722	313
1723	376
1724	318
1725	313
1726	340
1727	322
1728	314
1729	318
1730	328
1731	330
1732	328
1733	357
1734	354
1735	344
1736	341
1737	350
1738	354
1739	330
1740	367
1741	288
1742	310
1743	347
1744	327
1745	392
1746	326
1747	312
1748	317
1749	332
1750	320
1751	357
1752	343
1753	339
1754	345
1755	345
1756	339
1757	350
1758	328
1759	321
1760	318
1761	327
1762	334
1763	341
1764	354
1765	355
1766	350
1767	315
1768	358
1769	382
1770	347
1771	337
1772	311
1773	348
1774	321
1775	330
1776	359
1777	320
1778	334
1779	336
1780	333
1781	324
1782	362
1783	336
1784	316
1785	319
1786	336
1787	327
1788	373
1789	366
1790	346
1791	371
1792	358
1793	341
1794	339
1795	309
1796	348
1797	360
1798	362
1799	359
1800	348
1801	360
1802	341
1803	334
1804	336
1805	343
1806	343
1807	342
1808	321
1809	373
1810	341
1811	322
1812	360
1813	296
1814	314
1815	362
1816	340
1817	317
1818	360
1819	330
1820	321
1821	340
1822	335
1823	323
1824	348
1825	353
1826	357
1827	375
1828	323
1829	313
1830	385
1831	314
1832	353
1833	323
1834	359
1835	335
1836	370
1837	353
1838	325
1839	300
1840	305
1841	345
1842	334
1843	398
1844	344
1845	322
1846	326
1847	372
1848	378
1849	332
1850	342
1851	353
1852	336
1853	324
1854	304
1855	330
1856	345
1857	374
1858	316
1859	363
1860	325
1861	340
1862	334
1863	330
1864	341
1865	356
1866	340
1867	326
1868	328
1869	329
1870	337
1871	369
1872	308
1873	350
1874	351
1875	352
1876	324
1877	321
1878	348
1879	336
1880	338
1881	347
1882	334
1883	325
1884	344
1885	388
1886	350
1887	323
1888	354
1889	305
1890	336
1891	346
1892	339
1893	353
1894	347
1895	333
1896	306
1897	311
1898	378
1899	344
1900	323
1901	339
1902	366
1903	344
1904	341
1905	358
1906	378
1907	359
1908	334
1909	349
1910	323
1911	359
1912	299
1913	346
1914	352
1915	349
1916	324
1917	343
1918	378
1919	344
1920	345
1921	352
1922	353
1923	345
1924	318
1925	314
1926	326
1927	350
1928	354
1929	374
1930	349
1931	341
1932	359
1933	341
1934	356
1935	348
1936	370
1937	323
1938	358
1939	360
1940	337
1941	365
1942	318
1943	311
1944	354
1945	333
1946	377
1947	344
1948	350
1949	326
1950	320
1951	313
1952	320
1953	355
1954	337
1955	323
1956	325
1957	326
1958	327
1959	335
1960	347
1961	324
1962	314
1963	329
1964	349
1965	374
1966	354
1967	341
1968	337
1969	338
1970	336
1971	321
1972	338
1973	360
1974	326
1975	346
1976	329
1977	331
1978	364
1979	328
1980	364
1981	332
1982	374
1983	361
1984	351
1985	348
1986	362
1987	313
1988	353
1989	316
1990	344
1991	325
1992	345
1993	363
1994	337
1995	340
1996	344
1997	308
1998	346
1999	339
2000	335
2001	363
2002	305
2003	334
2004	350
2005	346
2006	323
2007	334
2008	322
2009	316
2010	349
2011	325
2012	334
2013	374
2014	358
2015	345
2016	325
2017	337
2018	333
2019	340
2020	327
2021	356
2022	327
2023	299
2024	352
2025	342
2026	334
2027	323
2028	338
2029	368
2030	353
2031	337
2032	328
2033	351
2034	328
2035	355
2036	359
2037	351
2038	324
2039	311
2040	334
2041	313
2042	336
2043	340
2044	332
2045	334
2046	335
2047	324
2048	367
