# Start time:    2026-06-30, 12:39:22
# Real time (s): 7200.000
# Live time (s): 7200.000
# Reactor power (MW): 1.000000
# Number of channels: 2048
# Channel width (usec): 2.000000
# Dead time (usec): 26.000000
# Number of frames: 964319
# Path length (cm): 191.000000
#
# Total counts:  15497084
# Chan. numb.	Numb. of counts
#-----------------------------------------------------------------------
1	0
2	0
3	6157
4	6143
5	6344
6	6310
7	6234
8	6242
9	6233
10	6254
11	6317
12	6327
13	6321
14	6260
15	6246
16	6408
17	6121
18	6207
19	6410
20	6234
21	6306
22	6081
23	6209
24	6250
25	6169
26	6318
27	6331
28	6334
29	6263
30	6211
31	6276
32	6219
33	6180
34	6358
35	6311
36	6260
37	6333
38	6349
39	6153
40	6129
41	6313
42	6279
43	6307
44	6186
45	6225
46	6267
47	6123
48	6428
49	6219
50	6350
51	6372
52	6267
53	6357
54	6263
55	6130
56	6243
57	6242
58	6177
59	6117
60	6278
61	6426
62	6127
63	6185
64	6254
65	6296
66	6280
67	6331
68	6212
69	6228
70	6374
71	6208
72	6217
73	6350
74	6410
75	6255
76	6260
77	6323
78	6186
79	6299
80	6303
81	6287
82	6345
83	6373
84	6205
85	6213
86	6418
87	6310
88	6189
89	6329
90	6235
91	6288
92	6234
93	6255
94	6404
95	6267
96	6347
97	6328
98	6312
99	6305
100	6262
101	6468
102	6460
103	6397
104	6357
105	6442
106	6304
107	6435
108	6392
109	6556
110	6414
111	6546
112	6381
113	6447
114	6455
115	6521
116	6605
117	6594
118	6496
119	6465
120	6494
121	6431
122	6550
123	6581
124	6519
125	6417
126	6542
127	6501
128	6498
129	6596
130	6765
131	6698
132	6697
133	6555
134	6441
135	6514
136	6760
137	6598
138	6595
139	6734
140	6625
141	6622
142	6611
143	6719
144	6895
145	6644
146	6925
147	6942
148	6768
149	6735
150	6934
151	6733
152	6815
153	6915
154	6896
155	6916
156	7079
157	6982
158	6969
159	7267
160	7042
161	7149
162	7143
163	7163
164	7231
165	7450
166	7289
167	7345
168	7291
169	7381
170	7346
171	7345
172	7366
173	7455
174	7441
175	7709
176	7611
177	7622
178	7698
179	7540
180	7747
181	7932
182	7805
183	7867
184	7901
185	7883
186	7933
187	8143
188	8221
189	8095
190	8345
191	8186
192	8385
193	8263
194	8397
195	8572
196	8423
197	8595
198	8688
199	8740
200	8668
201	8951
202	8815
203	9005
204	9022
205	9115
206	9050
207	9586
208	9303
209	9309
210	9440
211	9370
212	9550
213	9261
214	9629
215	9715
216	9817
217	9862
218	10033
219	9894
220	9931
221	10210
222	9993
223	10152
224	10252
225	10405
226	10351
227	10382
228	10462
229	10656
230	10568
231	10644
232	10622
233	10755
234	10708
235	10784
236	10765
237	10904
238	10865
239	11159
240	11097
241	11170
242	11149
243	11230
244	11259
245	11138
246	11257
247	11337
248	11622
249	11593
250	11464
251	11454
252	11529
253	11802
254	11857
255	11716
256	11973
257	11897
258	11754
259	11794
260	12068
261	11986
262	12066
263	11918
264	12211
265	12063
266	12020
267	12298
268	12188
269	12357
270	12400
271	12304
272	12351
273	12460
274	12251
275	12463
276	12449
277	12378
278	12516
279	12647
280	12261
281	12404
282	12369
283	12390
284	12611
285	12639
286	12626
287	12575
288	12692
289	12420
290	12520
291	12474
292	12638
293	12379
294	12461
295	12330
296	12266
297	12548
298	12309
299	12509
300	12347
301	12664
302	12497
303	12465
304	12191
305	12430
306	12186
307	12313
308	12218
309	12130
310	12105
311	12108
312	11990
313	12114
314	12198
315	12005
316	11927
317	12059
318	11883
319	12091
320	11984
321	11782
322	11913
323	11848
324	11876
325	11684
326	11558
327	11962
328	11916
329	11753
330	11743
331	11662
332	11602
333	11715
334	11428
335	11553
336	11488
337	11428
338	11369
339	11547
340	11392
341	11442
342	11665
343	11067
344	11256
345	11247
346	11322
347	11284
348	11405
349	11313
350	11161
351	11337
352	11158
353	11227
354	11244
355	11099
356	11308
357	11263
358	11138
359	11197
360	11093
361	10939
362	11047
363	11113
364	11262
365	10937
366	10803
367	11011
368	11023
369	11135
370	11100
371	10828
372	10907
373	10869
374	10758
375	10967
376	10804
377	10632
378	10762
379	10846
380	10717
381	10624
382	10886
383	10630
384	10686
385	10625
386	10561
387	10742
388	10586
389	10544
390	10574
391	10357
392	10514
393	10524
394	10440
395	10536
396	10413
397	10148
398	10194
399	10333
400	10157
401	10350
402	10298
403	10126
404	9998
405	10084
406	9826
407	9839
408	10065
409	10047
410	9959
411	9713
412	9810
413	9685
414	9564
415	9821
416	9601
417	9633
418	9569
419	9426
420	9615
421	9505
422	9378
423	9295
424	9267
425	9438
426	9253
427	9397
428	9130
429	9272
430	9138
431	9193
432	9126
433	8992
434	9095
435	9109
436	9041
437	9055
438	9072
439	9132
440	8906
441	9035
442	8944
443	8820
444	8863
445	8699
446	8778
447	8972
448	8870
449	8948
450	8683
451	8729
452	8634
453	8735
454	8688
455	8816
456	8703
457	8784
458	8564
459	8651
460	8586
461	8697
462	8682
463	8661
464	8518
465	8604
466	8646
467	8470
468	8656
469	8691
470	8578
471	8727
472	8489
473	8563
474	8487
475	8454
476	8494
477	8612
478	8548
479	8546
480	8486
481	8458
482	8442
483	8570
484	8421
485	8625
486	8518
487	8646
488	8485
489	8519
490	8491
491	8512
492	8506
493	8434
494	8530
495	8353
496	8442
497	8505
498	8341
499	8514
500	8328
501	8164
502	8375
503	8127
504	8390
505	8245
506	8271
507	8230
508	8359
509	8334
510	8167
511	8074
512	8272
513	8390
514	8292
515	8164
516	8328
517	8279
518	8317
519	8328
520	8292
521	8277
522	8246
523	7984
524	8192
525	8030
526	8243
527	8105
528	8147
529	8136
530	8133
531	8290
532	8145
533	8240
534	8229
535	8175
536	8240
537	8237
538	8105
539	8191
540	8220
541	8133
542	8105
543	8095
544	8284
545	8091
546	8128
547	8093
548	8246
549	8123
550	8054
551	8137
552	7904
553	7922
554	8078
555	7880
556	7900
557	7982
558	8031
559	7884
560	7879
561	7914
562	7970
563	7941
564	7962
565	7938
566	7698
567	7810
568	7915
569	7931
570	7806
571	7764
572	7788
573	7777
574	7693
575	7916
576	7832
577	7707
578	7515
579	7650
580	7665
581	7726
582	7779
583	7365
584	7612
585	7395
586	7436
587	7681
588	7342
589	7535
590	7515
591	7411
592	7544
593	7394
594	7335
595	7369
596	7372
597	7371
598	7366
599	7458
600	7320
601	7369
602	7418
603	7455
604	7334
605	7378
606	7301
607	7177
608	7327
609	7131
610	7093
611	7255
612	7047
613	7200
614	7110
615	7139
616	7124
617	7117
618	7221
619	7243
620	7093
621	7251
622	7210
623	7361
624	7287
625	7192
626	7022
627	7114
628	7186
629	7193
630	6998
631	7168
632	7069
633	7195
634	7037
635	7087
636	7118
637	7052
638	7023
639	7130
640	7211
641	7063
642	7055
643	7111
644	7264
645	6973
646	7072
647	7105
648	7160
649	7170
650	6983
651	7036
652	7160
653	7135
654	7057
655	7126
656	7148
657	7153
658	7152
659	7053
660	7266
661	7123
662	7078
663	7205
664	7143
665	7190
666	7036
667	7034
668	7066
669	7262
670	7054
671	7092
672	7118
673	6979
674	7104
675	6909
676	7014
677	7033
678	6973
679	7168
680	7123
681	6953
682	6885
683	6926
684	6911
685	6812
686	7019
687	6977
688	6909
689	6895
690	6908
691	7058
692	6773
693	6730
694	6915
695	6822
696	6971
697	6903
698	6969
699	6803
700	6742
701	6858
702	6731
703	6817
704	6827
705	6936
706	6894
707	6920
708	6868
709	6745
710	6800
711	6618
712	6754
713	6831
714	6663
715	6719
716	6898
717	6589
718	6711
719	6723
720	6718
721	6766
722	6661
723	6802
724	6739
725	6607
726	6793
727	6668
728	6687
729	6646
730	6591
731	6811
732	6565
733	6711
734	6574
735	6769
736	6656
737	6621
738	6682
739	6587
740	6493
741	6710
742	6743
743	6592
744	6533
745	6665
746	6674
747	6604
748	6565
749	6561
750	6608
751	6630
752	6727
753	6596
754	6673
755	6522
756	6614
757	6605
758	6617
759	6519
760	6586
761	6766
762	6491
763	6590
764	6623
765	6688
766	6698
767	6506
768	6624
769	6476
770	6539
771	6591
772	6641
773	6535
774	6546
775	6712
776	6470
777	6508
778	6524
779	6748
780	6599
781	6667
782	6541
783	6593
784	6663
785	6602
786	6752
787	6609
788	6588
789	6456
790	6669
791	6670
792	6656
793	6568
794	6663
795	6665
796	6629
797	6662
798	6596
799	6579
800	6666
801	6568
802	6502
803	6736
804	6640
805	6670
806	6451
807	6464
808	6677
809	6591
810	6638
811	6542
812	6510
813	6623
814	6570
815	6512
816	6670
817	6625
818	6461
819	6544
820	6525
821	6612
822	6610
823	6598
824	6413
825	6547
826	6455
827	6486
828	6572
829	6405
830	6590
831	6521
832	6624
833	6629
834	6664
835	6497
836	6483
837	6507
838	6508
839	6580
840	6424
841	6310
842	6503
843	6544
844	6454
845	6607
846	6423
847	6608
848	6515
849	6552
850	6553
851	6519
852	6459
853	6464
854	6500
855	6503
856	6491
857	6415
858	6443
859	6470
860	6460
861	6353
862	6408
863	6461
864	6460
865	6637
866	6496
867	6630
868	6497
869	6615
870	6456
871	6479
872	6391
873	6516
874	6368
875	6426
876	6424
877	6612
878	6505
879	6428
880	6510
881	6498
882	6367
883	6461
884	6386
885	6444
886	6445
887	6449
888	6224
889	6342
890	6245
891	6482
892	6419
893	6502
894	6383
895	6479
896	6515
897	6466
898	6333
899	6325
900	6356
901	6326
902	6402
903	6491
904	6520
905	6440
906	6496
907	6465
908	6585
909	6568
910	6390
911	6364
912	6514
913	6315
914	6372
915	6306
916	6631
917	6397
918	6501
919	6511
920	6433
921	6459
922	6358
923	6446
924	6383
925	6427
926	6488
927	6442
928	6464
929	6439
930	6388
931	6376
932	6347
933	6439
934	6458
935	6464
936	6420
937	6242
938	6447
939	6449
940	6445
941	6477
942	6259
943	6382
944	6365
945	6391
946	6290
947	6443
948	6444
949	6512
950	6496
951	6305
952	6339
953	6429
954	6523
955	6438
956	6501
957	6439
958	6375
959	6438
960	6341
961	6262
962	6322
963	6443
964	6455
965	6506
966	6372
967	6462
968	6424
969	6257
970	6368
971	6320
972	6226
973	6364
974	6440
975	6322
976	6399
977	6389
978	6354
979	6326
980	6412
981	6297
982	6430
983	6244
984	6390
985	6413
986	6282
987	6392
988	6291
989	6484
990	6411
991	6536
992	6470
993	6464
994	6483
995	6382
996	6468
997	6382
998	6432
999	6442
1000	6418
1001	6302
1002	6389
1003	6375
1004	6391
1005	6340
1006	6437
1007	6394
1008	6505
1009	6536
1010	6412
1011	6423
1012	6408
1013	6423
1014	6420
1015	6359
1016	6271
1017	6463
1018	6515
1019	6632
1020	6527
1021	6487
1022	6598
1023	6537
1024	6277
1025	6421
1026	6434
1027	6359
1028	6431
1029	6460
1030	6420
1031	6383
1032	6311
1033	6228
1034	6391
1035	6294
1036	6476
1037	6534
1038	6491
1039	6475
1040	6537
1041	6302
1042	6312
1043	6507
1044	6446
1045	6397
1046	6414
1047	6423
1048	6425
1049	6435
1050	6332
1051	6252
1052	6340
1053	6450
1054	6436
1055	6464
1056	6462
1057	6416
1058	6275
1059	6443
1060	6435
1061	6343
1062	6357
1063	6404
1064	6387
1065	6319
1066	6475
1067	6427
1068	6348
1069	6345
1070	6308
1071	6395
1072	6366
1073	6478
1074	6272
1075	6332
1076	6357
1077	6323
1078	6247
1079	6202
1080	6271
1081	6380
1082	6360
1083	6234
1084	6411
1085	6477
1086	6287
1087	6406
1088	6434
1089	6356
1090	6258
1091	6315
1092	6405
1093	6408
1094	6304
1095	6233
1096	6306
1097	6488
1098	6414
1099	6391
1100	6247
1101	6468
1102	6324
1103	6227
1104	6377
1105	6460
1106	6408
1107	6355
1108	6294
1109	6328
1110	6372
1111	6332
1112	6333
1113	6466
1114	6443
1115	6334
1116	6451
1117	6267
1118	6247
1119	6268
1120	6203
1121	6371
1122	6339
1123	6237
1124	6298
1125	6410
1126	6308
1127	6366
1128	6245
1129	6315
1130	6363
1131	6450
1132	6256
1133	6464
1134	6173
1135	6369
1136	6443
1137	6427
1138	6390
1139	6170
1140	6392
1141	6284
1142	6308
1143	6290
1144	6347
1145	6211
1146	6345
1147	6198
1148	6405
1149	6341
1150	6379
1151	6276
1152	6270
1153	6198
1154	6330
1155	6281
1156	6408
1157	6419
1158	6326
1159	6343
1160	6232
1161	6257
1162	6441
1163	6441
1164	6203
1165	6346
1166	6362
1167	6292
1168	6476
1169	6328
1170	6311
1171	6273
1172	6368
1173	6316
1174	6273
1175	6346
1176	6352
1177	6263
1178	6360
1179	6493
1180	6264
1181	6411
1182	6376
1183	6388
1184	6358
1185	6432
1186	6445
1187	6411
1188	6182
1189	6251
1190	6081
1191	6215
1192	6278
1193	6216
1194	6288
1195	6365
1196	6255
1197	6388
1198	6423
1199	6213
1200	6440
1201	6207
1202	6207
1203	6305
1204	6380
1205	6166
1206	6229
1207	6244
1208	6374
1209	6229
1210	6241
1211	6234
1212	6376
1213	6323
1214	6287
1215	6226
1216	6172
1217	6376
1218	6172
1219	6199
1220	6294
1221	6292
1222	6402
1223	6264
1224	6335
1225	6122
1226	6195
1227	6278
1228	6108
1229	6349
1230	6315
1231	6160
1232	6288
1233	6362
1234	6297
1235	6334
1236	6246
1237	6361
1238	6278
1239	6212
1240	6377
1241	6199
1242	6324
1243	6291
1244	6291
1245	6225
1246	6213
1247	6270
1248	6210
1249	6260
1250	6234
1251	6255
1252	6363
1253	6281
1254	6358
1255	6355
1256	6352
1257	6275
1258	6169
1259	6249
1260	6221
1261	6254
1262	6217
1263	6243
1264	6279
1265	6304
1266	6378
1267	6343
1268	6165
1269	6191
1270	6144
1271	6436
1272	6069
1273	6179
1274	6249
1275	6211
1276	6134
1277	6305
1278	6387
1279	6185
1280	6214
1281	6225
1282	6286
1283	6353
1284	6282
1285	6338
1286	6334
1287	6238
1288	6209
1289	6234
1290	6222
1291	6264
1292	6396
1293	6207
1294	6248
1295	6294
1296	6331
1297	6273
1298	6405
1299	6189
1300	6334
1301	6464
1302	6186
1303	6312
1304	6245
1305	6195
1306	6205
1307	6305
1308	6323
1309	6110
1310	6209
1311	6236
1312	6451
1313	6244
1314	6179
1315	6425
1316	6290
1317	6310
1318	6430
1319	6191
1320	6394
1321	6483
1322	6283
1323	6086
1324	6195
1325	6294
1326	6363
1327	6340
1328	6236
1329	6220
1330	6160
1331	6291
1332	6285
1333	6277
1334	6212
1335	6255
1336	6257
1337	6262
1338	6114
1339	6280
1340	6246
1341	6354
1342	6326
1343	6216
1344	6169
1345	6350
1346	6240
1347	6289
1348	6049
1349	6249
1350	6064
1351	6195
1352	6334
1353	6202
1354	6103
1355	6371
1356	6406
1357	6372
1358	6346
1359	6249
1360	6154
1361	6209
1362	6180
1363	6211
1364	6313
1365	6301
1366	6173
1367	6263
1368	6332
1369	6183
1370	6253
1371	6143
1372	6149
1373	6186
1374	6279
1375	6423
1376	6241
1377	6024
1378	6291
1379	6257
1380	6271
1381	6437
1382	6262
1383	6286
1384	6314
1385	6174
1386	6332
1387	6236
1388	6209
1389	6151
1390	6112
1391	6193
1392	6253
1393	6247
1394	6338
1395	6112
1396	6328
1397	6376
1398	6306
1399	6250
1400	6154
1401	6229
1402	6204
1403	6184
1404	6093
1405	6241
1406	6133
1407	6224
1408	6187
1409	6260
1410	6209
1411	6093
1412	6173
1413	6307
1414	6371
1415	6123
1416	6194
1417	6283
1418	6212
1419	6198
1420	6209
1421	6247
1422	6414
1423	6238
1424	6119
1425	6157
1426	6313
1427	6166
1428	6262
1429	6202
1430	6219
1431	6308
1432	6255
1433	6169
1434	6163
1435	6190
1436	6214
1437	6177
1438	6321
1439	6245
1440	6044
1441	6329
1442	6199
1443	6138
1444	6224
1445	6257
1446	6461
1447	6174
1448	6196
1449	6148
1450	6285
1451	6105
1452	6206
1453	6249
1454	6358
1455	6258
1456	6192
1457	6232
1458	6211
1459	6339
1460	6100
1461	6109
1462	6373
1463	6290
1464	6167
1465	6269
1466	6242
1467	6265
1468	6320
1469	6255
1470	6308
1471	6065
1472	6255
1473	6227
1474	6241
1475	6143
1476	6304
1477	6343
1478	6358
1479	6158
1480	6333
1481	6212
1482	6371
1483	6278
1484	6271
1485	6340
1486	6411
1487	6231
1488	6131
1489	6306
1490	6333
1491	6170
1492	6212
1493	6100
1494	6286
1495	6283
1496	6158
1497	6338
1498	6214
1499	6251
1500	6362
1501	6118
1502	6294
1503	6248
1504	6234
1505	6132
1506	6222
1507	6272
1508	6151
1509	6164
1510	6305
1511	6214
1512	6251
1513	6273
1514	6244
1515	6177
1516	6193
1517	6247
1518	6303
1519	6161
1520	6198
1521	6161
1522	6080
1523	6114
1524	6215
1525	6373
1526	6243
1527	6153
1528	6346
1529	6266
1530	6278
1531	6282
1532	6187
1533	6203
1534	6362
1535	6172
1536	6162
1537	6219
1538	6251
1539	6212
1540	6252
1541	6292
1542	6152
1543	6249
1544	6045
1545	6356
1546	6154
1547	6260
1548	6174
1549	6207
1550	6246
1551	6259
1552	6366
1553	6123
1554	6423
1555	6166
1556	6320
1557	6217
1558	6178
1559	6325
1560	6195
1561	6190
1562	6217
1563	6220
1564	6109
1565	6312
1566	6238
1567	6455
1568	6203
1569	6225
1570	6229
1571	6038
1572	6291
1573	6223
1574	6127
1575	6252
1576	6327
1577	6237
1578	6232
1579	6284
1580	6359
1581	6284
1582	6267
1583	6141
1584	6240
1585	6233
1586	6225
1587	6314
1588	6256
1589	6178
1590	6265
1591	6293
1592	6291
1593	6156
1594	6314
1595	6265
1596	6252
1597	6389
1598	6267
1599	6256
1600	6173
1601	6419
1602	6325
1603	6153
1604	6258
1605	6309
1606	6308
1607	6202
1608	6279
1609	6375
1610	6117
1611	6271
1612	6190
1613	6206
1614	6344
1615	6230
1616	6372
1617	6259
1618	6288
1619	6252
1620	6251
1621	6336
1622	6124
1623	6273
1624	6352
1625	6132
1626	6151
1627	6120
1628	6232
1629	6312
1630	6260
1631	6385
1632	6247
1633	6203
1634	6204
1635	6196
1636	6389
1637	6229
1638	6054
1639	6345
1640	6318
1641	6235
1642	6263
1643	6167
1644	6332
1645	6157
1646	6275
1647	6450
1648	6223
1649	6274
1650	6102
1651	6339
1652	6188
1653	6209
1654	6321
1655	6420
1656	6334
1657	6162
1658	6217
1659	6308
1660	6213
1661	6270
1662	6307
1663	6186
1664	6195
1665	6186
1666	6163
1667	6149
1668	6282
1669	6183
1670	6160
1671	6108
1672	6153
1673	6234
1674	6289
1675	6282
1676	6210
1677	6250
1678	6156
1679	6198
1680	6249
1681	6175
1682	6253
1683	6388
1684	6256
1685	6214
1686	6288
1687	6264
1688	6255
1689	6362
1690	6275
1691	6227
1692	6269
1693	6313
1694	6268
1695	6072
1696	6041
1697	6344
1698	6207
1699	6093
1700	6198
1701	6368
1702	6147
1703	6182
1704	6247
1705	6112
1706	6089
1707	6244
1708	6311
1709	6169
1710	6085
1711	6351
1712	6189
1713	6281
1714	6229
1715	6248
1716	6288
1717	6065
1718	6277
1719	6243
1720	6146
1721	6128
1722	6324
1723	6161
1724	6176
1725	6282
1726	6247
1727	6211
1728	6128
1729	6281
1730	6320
1731	6227
1732	6223
1733	6324
1734	6210
1735	6234
1736	6341
1737	6183
1738	6271
1739	6291
1740	6134
1741	6187
1742	6266
1743	6223
1744	6213
1745	6258
1746	6368
1747	6168
1748	6220
1749	6255
1750	6210
1751	6112
1752	6194
1753	6353
1754	6192
1755	6228
1756	6218
1757	6244
1758	6218
1759	6195
1760	6240
1761	6291
1762	6276
1763	6213
1764	6134
1765	6167
1766	6248
1767	6171
1768	6199
1769	6184
1770	6098
1771	6362
1772	6133
1773	6196
1774	6223
1775	6151
1776	6205
1777	6297
1778	6193
1779	6139
1780	6193
1781	6172
1782	6260
1783	6133
1784	6260
1785	6262
1786	6257
1787	6084
1788	6278
1789	6208
1790	6176
1791	6339
1792	6173
1793	6124
1794	6215
1795	6150
1796	6135
1797	6176
1798	6068
1799	6253
1800	6212
1801	6118
1802	6250
1803	6237
1804	5998
1805	6122
1806	6236
1807	6302
1808	6315
1809	6291
1810	6225
1811	6274
1812	6238
1813	6179
1814	6204
1815	6221
1816	6155
1817	6068
1818	6133
1819	6161
1820	6353
1821	6118
1822	6230
1823	6346
1824	6302
1825	6189
1826	6203
1827	6327
1828	6161
1829	6185
1830	6287
1831	6088
1832	6211
1833	6123
1834	6073
1835	6137
1836	6239
1837	6274
1838	6127
1839	6328
1840	6147
1841	6226
1842	6326
1843	6337
1844	6386
1845	6194
1846	6219
1847	6181
1848	6352
1849	6095
1850	6268
1851	6142
1852	6041
1853	6155
1854	6240
1855	6073
1856	6288
1857	6061
1858	6148
1859	6187
1860	6231
1861	6327
1862	6110
1863	6195
1864	6271
1865	6133
1866	6316
1867	6226
1868	6325
1869	6232
1870	6208
1871	6303
1872	6210
1873	6269
1874	6236
1875	6207
1876	6326
1877	6117
1878	6131
1879	6272
1880	6174
1881	6154
1882	6099
1883	6219
1884	6056
1885	6129
1886	6242
1887	6197
1888	6297
1889	6112
1890	6315
1891	6272
1892	6169
1893	6225
1894	6286
1895	6150
1896	6119
1897	6158
1898	6284
1899	6290
1900	6174
1901	6297
1902	6179
1903	6176
1904	6151
1905	6196
1906	6129
1907	6414
1908	6089
1909	6187
1910	6189
1911	6293
1912	6129
1913	6094
1914	6230
1915	6213
1916	6199
1917	6190
1918	6166
1919	6217
1920	6148
1921	6235
1922	6128
1923	6181
1924	6214
1925	6186
1926	6324
1927	6146
1928	6248
1929	6083
1930	6334
1931	6109
1932	6152
1933	6281
1934	6178
1935	6345
1936	6289
1937	6122
1938	6156
1939	6254
1940	6082
1941	6355
1942	6199
1943	6236
1944	6243
1945	6178
1946	6135
1947	6123
1948	6080
1949	6214
1950	6184
1951	6300
1952	6114
1953	6253
1954	6141
1955	6107
1956	6251
1957	6293
1958	6206
1959	6359
1960	6112
1961	6242
1962	6236
1963	6084
1964	6197
1965	6146
1966	6306
1967	6128
1968	6243
1969	6155
1970	6095
1971	6177
1972	6115
1973	6266
1974	6262
1975	6204
1976	6282
1977	6111
1978	6174
1979	6205
1980	6126
1981	6170
1982	6137
1983	6075
1984	6223
1985	6071
1986	6163
1987	6261
1988	6196
1989	6306
1990	6162
1991	6255
1992	6155
1993	6266
1994	6222
1995	6202
1996	6243
1997	6341
1998	6229
1999	6255
2000	6288
2001	6217
2002	6001
2003	6184
2004	6249
2005	6158
2006	6036
2007	6220
2008	6177
2009	6142
2010	6201
2011	6154
2012	6127
2013	6108
2014	6161
2015	6287
2016	6338
2017	6182
2018	6252
2019	6224
2020	6093
2021	6209
2022	6233
2023	6188
2024	6279
2025	6264
2026	6214
2027	6211
2028	6122
2029	6097
2030	6205
2031	6194
2032	6332
2033	6172
2034	6170
2035	6283
2036	6186
2037	6259
2038	6240
2039	6285
2040	6066
2041	6146
2042	6068
2043	6185
2044	6152
2045	6059
2046	6251
2047	6270
2048	6075
