# Start time:    2026-07-23, 13:12:54
# Real time (s): 2100.000
# Live time (s): 2100.000
# Reactor power (MW): 1.000000
# Number of channels: 2048
# Channel width (usec): 2.000000
# Dead time (usec): 26.000000
# Number of frames: 419868
# Path length (cm): 191.500000
#
# Total counts:  4111325
# Chan. numb.	Numb. of counts
#-----------------------------------------------------------------------
1	0
2	0
3	1744
4	1753
5	1681
6	1745
7	1783
8	1737
9	1733
10	1797
11	1760
12	1740
13	1782
14	1749
15	1709
16	1784
17	1625
18	1856
19	1788
20	1807
21	1677
22	1803
23	1761
24	1739
25	1752
26	1716
27	1685
28	1741
29	1788
30	1726
31	1706
32	1699
33	1672
34	1753
35	1714
36	1707
37	1819
38	1799
39	1747
40	1814
41	1809
42	1736
43	1771
44	1770
45	1736
46	1714
47	1742
48	1852
49	1779
50	1770
51	1725
52	1844
53	1668
54	1734
55	1737
56	1750
57	1799
58	1825
59	1697
60	1813
61	1754
62	1792
63	1783
64	1751
65	1790
66	1781
67	1725
68	1759
69	1757
70	1806
71	1782
72	1775
73	1768
74	1816
75	1834
76	1736
77	1824
78	1761
79	1722
80	1747
81	1803
82	1769
83	1711
84	1777
85	1776
86	1730
87	1793
88	1733
89	1771
90	1809
91	1742
92	1694
93	1778
94	1742
95	1688
96	1823
97	1801
98	1705
99	1783
100	1742
101	1780
102	1766
103	1745
104	1713
105	1821
106	1732
107	1747
108	1821
109	1885
110	1741
111	1702
112	1743
113	1762
114	1792
115	1749
116	1871
117	1769
118	1750
119	1696
120	1787
121	1805
122	1764
123	1870
124	1772
125	1778
126	1793
127	1852
128	1765
129	1765
130	1777
131	1779
132	1763
133	1816
134	1721
135	1757
136	1799
137	1705
138	1812
139	1743
140	1642
141	1709
142	1797
143	1769
144	1792
145	1820
146	1792
147	1821
148	1773
149	1731
150	1803
151	1794
152	1799
153	1819
154	1782
155	1813
156	1783
157	1738
158	1810
159	1768
160	1752
161	1802
162	1769
163	1776
164	1791
165	1746
166	1794
167	1840
168	1831
169	1838
170	1819
171	1791
172	1812
173	1887
174	1790
175	1814
176	1812
177	1742
178	1909
179	1880
180	1790
181	1926
182	1824
183	1793
184	1851
185	1876
186	1773
187	1736
188	1881
189	1863
190	1872
191	1854
192	1921
193	1817
194	1863
195	1925
196	1916
197	1899
198	1984
199	1973
200	1876
201	1906
202	1889
203	1944
204	1887
205	1941
206	1893
207	1896
208	1885
209	1887
210	1974
211	1900
212	1946
213	1912
214	1955
215	1949
216	1966
217	1934
218	1992
219	1990
220	1911
221	1998
222	1964
223	2023
224	1956
225	1981
226	2018
227	1974
228	2039
229	1999
230	2069
231	2094
232	2035
233	1982
234	1987
235	2040
236	2006
237	1962
238	1986
239	2101
240	2008
241	2138
242	2103
243	2165
244	2008
245	1993
246	2026
247	2134
248	2107
249	2128
250	2121
251	2124
252	2056
253	2016
254	2146
255	2093
256	2105
257	2164
258	2257
259	2129
260	2102
261	2137
262	2143
263	2170
264	2169
265	2132
266	2205
267	2141
268	2063
269	2187
270	2193
271	2149
272	2282
273	2139
274	2156
275	2076
276	2142
277	2171
278	2257
279	2248
280	2173
281	2178
282	2112
283	2207
284	2192
285	2109
286	2238
287	2215
288	2240
289	2161
290	2165
291	2219
292	2141
293	2281
294	2167
295	2153
296	2194
297	2141
298	2189
299	2197
300	2228
301	2210
302	2174
303	2187
304	2141
305	2284
306	2202
307	2225
308	2183
309	2250
310	2194
311	2162
312	2216
313	2200
314	2222
315	2169
316	2155
317	2117
318	2209
319	2112
320	2100
321	2201
322	2193
323	2105
324	2177
325	2130
326	2201
327	2155
328	2158
329	2094
330	2087
331	2238
332	2156
333	2165
334	2089
335	2067
336	2149
337	2100
338	2083
339	2151
340	2121
341	2138
342	2164
343	2067
344	2131
345	2095
346	2031
347	2053
348	2078
349	2012
350	2059
351	2102
352	2092
353	2044
354	2100
355	1978
356	2077
357	2090
358	2026
359	2051
360	2093
361	2042
362	2057
363	2029
364	2038
365	2005
366	1980
367	2014
368	2001
369	2000
370	2041
371	1974
372	2092
373	2031
374	1974
375	2130
376	1994
377	1997
378	2039
379	2117
380	1962
381	2052
382	2005
383	2118
384	2100
385	2027
386	1969
387	1988
388	2066
389	2024
390	1977
391	1977
392	1976
393	2071
394	2032
395	1965
396	1993
397	2025
398	1962
399	1974
400	1968
401	1993
402	1945
403	1958
404	1925
405	1925
406	1934
407	1962
408	1914
409	2016
410	1873
411	1948
412	2017
413	1970
414	2007
415	2002
416	1961
417	1960
418	1991
419	1995
420	2051
421	2037
422	1932
423	1928
424	2008
425	1895
426	2006
427	1904
428	1974
429	2004
430	1941
431	1893
432	1959
433	1926
434	1973
435	1976
436	1923
437	1849
438	1883
439	1938
440	1940
441	1861
442	1945
443	1884
444	1892
445	1866
446	1910
447	1892
448	1912
449	1850
450	1873
451	1975
452	1862
453	1871
454	1846
455	1873
456	1874
457	1875
458	1856
459	1947
460	1864
461	1853
462	1869
463	1920
464	1875
465	1867
466	1788
467	1894
468	1918
469	1900
470	1874
471	1837
472	1823
473	1884
474	1785
475	1802
476	1941
477	1978
478	1871
479	1879
480	1824
481	1892
482	1849
483	1924
484	1902
485	1886
486	1831
487	1883
488	1777
489	1835
490	1775
491	1866
492	1798
493	1850
494	1885
495	1842
496	1822
497	1910
498	1791
499	1838
500	1825
501	1800
502	1818
503	1857
504	1827
505	1828
506	1856
507	1864
508	1830
509	1822
510	1931
511	1831
512	1884
513	1748
514	1889
515	1919
516	1798
517	1825
518	1837
519	1813
520	1845
521	1848
522	1854
523	1765
524	1791
525	1853
526	1832
527	1890
528	1815
529	1877
530	1828
531	1909
532	1777
533	1865
534	1837
535	1860
536	1801
537	1837
538	1784
539	1846
540	1814
541	1864
542	1827
543	1865
544	1851
545	1910
546	1803
547	1859
548	1836
549	1831
550	1816
551	1743
552	1870
553	1899
554	1805
555	1900
556	1805
557	1899
558	1893
559	1754
560	1844
561	1829
562	1836
563	1878
564	1764
565	1831
566	1867
567	1794
568	1869
569	1888
570	1847
571	1803
572	1852
573	1936
574	1809
575	1820
576	1814
577	1835
578	1749
579	1827
580	1786
581	1819
582	1845
583	1827
584	1797
585	1774
586	1818
587	1850
588	1816
589	1816
590	1846
591	1847
592	1791
593	1861
594	1794
595	1800
596	1787
597	1810
598	1781
599	1848
600	1785
601	1827
602	1801
603	1787
604	1770
605	1847
606	1808
607	1767
608	1798
609	1803
610	1827
611	1749
612	1727
613	1757
614	1795
615	1807
616	1824
617	1779
618	1801
619	1717
620	1867
621	1734
622	1767
623	1824
624	1763
625	1772
626	1736
627	1780
628	1761
629	1779
630	1777
631	1792
632	1804
633	1808
634	1809
635	1725
636	1766
637	1757
638	1720
639	1770
640	1784
641	1713
642	1741
643	1852
644	1792
645	1809
646	1859
647	1794
648	1763
649	1792
650	1751
651	1694
652	1808
653	1791
654	1725
655	1821
656	1765
657	1841
658	1712
659	1737
660	1796
661	1787
662	1748
663	1794
664	1796
665	1853
666	1771
667	1817
668	1762
669	1750
670	1806
671	1712
672	1726
673	1782
674	1656
675	1770
676	1811
677	1759
678	1766
679	1753
680	1794
681	1732
682	1794
683	1798
684	1779
685	1780
686	1774
687	1803
688	1787
689	1742
690	1750
691	1809
692	1739
693	1798
694	1732
695	1763
696	1833
697	1819
698	1786
699	1833
700	1813
701	1758
702	1788
703	1812
704	1790
705	1855
706	1782
707	1780
708	1800
709	1761
710	1816
711	1817
712	1754
713	1763
714	1773
715	1779
716	1763
717	1808
718	1722
719	1748
720	1806
721	1796
722	1771
723	1783
724	1765
725	1831
726	1810
727	1733
728	1759
729	1804
730	1755
731	1780
732	1759
733	1737
734	1745
735	1715
736	1797
737	1706
738	1766
739	1714
740	1742
741	1804
742	1790
743	1847
744	1800
745	1730
746	1815
747	1734
748	1789
749	1791
750	1788
751	1721
752	1694
753	1774
754	1789
755	1699
756	1713
757	1744
758	1718
759	1764
760	1754
761	1826
762	1783
763	1726
764	1753
765	1649
766	1744
767	1736
768	1841
769	1720
770	1660
771	1771
772	1711
773	1772
774	1728
775	1817
776	1708
777	1748
778	1752
779	1715
780	1807
781	1750
782	1846
783	1726
784	1742
785	1758
786	1728
787	1732
788	1688
789	1804
790	1745
791	1733
792	1754
793	1833
794	1742
795	1701
796	1785
797	1795
798	1729
799	1806
800	1753
801	1771
802	1766
803	1769
804	1764
805	1711
806	1761
807	1734
808	1756
809	1724
810	1692
811	1745
812	1746
813	1685
814	1764
815	1779
816	1699
817	1727
818	1763
819	1737
820	1704
821	1748
822	1688
823	1763
824	1749
825	1759
826	1724
827	1727
828	1738
829	1849
830	1729
831	1777
832	1792
833	1709
834	1792
835	1722
836	1793
837	1765
838	1761
839	1690
840	1818
841	1664
842	1757
843	1746
844	1712
845	1813
846	1803
847	1688
848	1872
849	1785
850	1755
851	1772
852	1800
853	1779
854	1722
855	1797
856	1746
857	1805
858	1798
859	1747
860	1762
861	1775
862	1810
863	1746
864	1680
865	1851
866	1771
867	1736
868	1687
869	1750
870	1744
871	1736
872	1734
873	1719
874	1766
875	1774
876	1830
877	1733
878	1750
879	1716
880	1678
881	1770
882	1771
883	1722
884	1717
885	1778
886	1734
887	1766
888	1811
889	1756
890	1751
891	1748
892	1764
893	1686
894	1772
895	1693
896	1725
897	1736
898	1749
899	1841
900	1766
901	1784
902	1774
903	1758
904	1758
905	1703
906	1801
907	1747
908	1793
909	1758
910	1847
911	1771
912	1757
913	1758
914	1785
915	1772
916	1744
917	1732
918	1744
919	1727
920	1767
921	1775
922	1672
923	1823
924	1775
925	1779
926	1826
927	1787
928	1756
929	1743
930	1855
931	1745
932	1739
933	1733
934	1712
935	1747
936	1751
937	1665
938	1800
939	1727
940	1713
941	1691
942	1769
943	1804
944	1713
945	1714
946	1789
947	1735
948	1776
949	1769
950	1716
951	1725
952	1784
953	1782
954	1837
955	1710
956	1814
957	1741
958	1786
959	1704
960	1741
961	1803
962	1696
963	1733
964	1796
965	1706
966	1735
967	1819
968	1821
969	1709
970	1729
971	1776
972	1744
973	1769
974	1834
975	1790
976	1760
977	1678
978	1673
979	1726
980	1770
981	1751
982	1727
983	1798
984	1672
985	1740
986	1717
987	1795
988	1772
989	1745
990	1748
991	1743
992	1705
993	1782
994	1838
995	1724
996	1765
997	1768
998	1760
999	1728
1000	1734
1001	1723
1002	1761
1003	1739
1004	1694
1005	1737
1006	1776
1007	1752
1008	1821
1009	1725
1010	1703
1011	1758
1012	1666
1013	1796
1014	1762
1015	1786
1016	1788
1017	1775
1018	1816
1019	1791
1020	1806
1021	1715
1022	1710
1023	1743
1024	1767
1025	1708
1026	1731
1027	1789
1028	1788
1029	1735
1030	1722
1031	1837
1032	1724
1033	1801
1034	1729
1035	1792
1036	1738
1037	1774
1038	1775
1039	1703
1040	1711
1041	1743
1042	1753
1043	1777
1044	1801
1045	1786
1046	1725
1047	1741
1048	1766
1049	1708
1050	1688
1051	1731
1052	1764
1053	1759
1054	1733
1055	1787
1056	1836
1057	1761
1058	1819
1059	1717
1060	1795
1061	1750
1062	1747
1063	1795
1064	1807
1065	1743
1066	1728
1067	1756
1068	1763
1069	1733
1070	1715
1071	1763
1072	1724
1073	1673
1074	1684
1075	1683
1076	1769
1077	1766
1078	1739
1079	1827
1080	1770
1081	1760
1082	1779
1083	1753
1084	1780
1085	1710
1086	1761
1087	1804
1088	1772
1089	1772
1090	1812
1091	1771
1092	1803
1093	1744
1094	1712
1095	1745
1096	1667
1097	1720
1098	1798
1099	1688
1100	1719
1101	1723
1102	1764
1103	1645
1104	1719
1105	1671
1106	1806
1107	1788
1108	1768
1109	1791
1110	1709
1111	1666
1112	1732
1113	1789
1114	1790
1115	1723
1116	1834
1117	1718
1118	1760
1119	1716
1120	1754
1121	1736
1122	1756
1123	1738
1124	1711
1125	1738
1126	1728
1127	1709
1128	1721
1129	1692
1130	1723
1131	1727
1132	1708
1133	1776
1134	1758
1135	1769
1136	1788
1137	1762
1138	1706
1139	1765
1140	1820
1141	1660
1142	1738
1143	1813
1144	1700
1145	1793
1146	1735
1147	1772
1148	1774
1149	1745
1150	1774
1151	1772
1152	1773
1153	1722
1154	1787
1155	1856
1156	1767
1157	1705
1158	1775
1159	1735
1160	1737
1161	1730
1162	1789
1163	1671
1164	1751
1165	1702
1166	1749
1167	1833
1168	1716
1169	1770
1170	1736
1171	1715
1172	1678
1173	1766
1174	1787
1175	1674
1176	1810
1177	1677
1178	1762
1179	1723
1180	1715
1181	1680
1182	1773
1183	1695
1184	1751
1185	1754
1186	1730
1187	1700
1188	1753
1189	1721
1190	1687
1191	1731
1192	1756
1193	1722
1194	1778
1195	1679
1196	1791
1197	1818
1198	1758
1199	1768
1200	1764
1201	1714
1202	1724
1203	1742
1204	1708
1205	1791
1206	1780
1207	1770
1208	1765
1209	1734
1210	1631
1211	1733
1212	1709
1213	1726
1214	1671
1215	1780
1216	1728
1217	1717
1218	1735
1219	1671
1220	1725
1221	1818
1222	1750
1223	1731
1224	1730
1225	1741
1226	1705
1227	1735
1228	1800
1229	1774
1230	1727
1231	1668
1232	1710
1233	1708
1234	1705
1235	1807
1236	1777
1237	1615
1238	1718
1239	1767
1240	1751
1241	1775
1242	1735
1243	1751
1244	1778
1245	1719
1246	1646
1247	1711
1248	1788
1249	1697
1250	1771
1251	1747
1252	1658
1253	1706
1254	1777
1255	1821
1256	1716
1257	1710
1258	1779
1259	1755
1260	1764
1261	1795
1262	1675
1263	1718
1264	1759
1265	1749
1266	1733
1267	1708
1268	1736
1269	1831
1270	1667
1271	1748
1272	1759
1273	1708
1274	1730
1275	1814
1276	1716
1277	1704
1278	1708
1279	1781
1280	1771
1281	1768
1282	1776
1283	1730
1284	1789
1285	1716
1286	1785
1287	1724
1288	1706
1289	1777
1290	1769
1291	1765
1292	1729
1293	1787
1294	1796
1295	1752
1296	1823
1297	1736
1298	1739
1299	1773
1300	1717
1301	1747
1302	1687
1303	1713
1304	1794
1305	1722
1306	1776
1307	1730
1308	1785
1309	1828
1310	1738
1311	1770
1312	1729
1313	1670
1314	1807
1315	1733
1316	1725
1317	1783
1318	1715
1319	1779
1320	1719
1321	1774
1322	1708
1323	1782
1324	1666
1325	1781
1326	1795
1327	1689
1328	1772
1329	1750
1330	1756
1331	1706
1332	1730
1333	1708
1334	1745
1335	1729
1336	1757
1337	1748
1338	1725
1339	1699
1340	1728
1341	1753
1342	1808
1343	1727
1344	1722
1345	1740
1346	1707
1347	1728
1348	1758
1349	1771
1350	1725
1351	1719
1352	1781
1353	1754
1354	1713
1355	1722
1356	1798
1357	1781
1358	1757
1359	1758
1360	1755
1361	1734
1362	1741
1363	1830
1364	1802
1365	1753
1366	1753
1367	1738
1368	1691
1369	1663
1370	1733
1371	1726
1372	1806
1373	1763
1374	1774
1375	1730
1376	1758
1377	1756
1378	1833
1379	1802
1380	1750
1381	1784
1382	1683
1383	1791
1384	1714
1385	1750
1386	1724
1387	1758
1388	1700
1389	1721
1390	1751
1391	1795
1392	1773
1393	1795
1394	1795
1395	1774
1396	1759
1397	1762
1398	1705
1399	1764
1400	1757
1401	1765
1402	1700
1403	1833
1404	1730
1405	1767
1406	1704
1407	1677
1408	1733
1409	1787
1410	1803
1411	1716
1412	1730
1413	1732
1414	1695
1415	1715
1416	1778
1417	1746
1418	1731
1419	1770
1420	1695
1421	1709
1422	1777
1423	1745
1424	1734
1425	1804
1426	1789
1427	1718
1428	1699
1429	1708
1430	1676
1431	1721
1432	1684
1433	1808
1434	1794
1435	1781
1436	1718
1437	1733
1438	1787
1439	1701
1440	1712
1441	1859
1442	1710
1443	1742
1444	1720
1445	1745
1446	1841
1447	1718
1448	1812
1449	1753
1450	1752
1451	1687
1452	1750
1453	1719
1454	1674
1455	1748
1456	1745
1457	1765
1458	1705
1459	1814
1460	1663
1461	1777
1462	1774
1463	1722
1464	1701
1465	1758
1466	1788
1467	1713
1468	1654
1469	1676
1470	1783
1471	1692
1472	1803
1473	1810
1474	1798
1475	1774
1476	1737
1477	1734
1478	1757
1479	1737
1480	1752
1481	1698
1482	1767
1483	1764
1484	1758
1485	1763
1486	1759
1487	1746
1488	1683
1489	1714
1490	1785
1491	1686
1492	1701
1493	1812
1494	1751
1495	1750
1496	1708
1497	1788
1498	1783
1499	1700
1500	1805
1501	1736
1502	1706
1503	1732
1504	1700
1505	1726
1506	1732
1507	1778
1508	1704
1509	1748
1510	1747
1511	1740
1512	1730
1513	1857
1514	1840
1515	1742
1516	1711
1517	1744
1518	1818
1519	1807
1520	1777
1521	1726
1522	1766
1523	1754
1524	1784
1525	1742
1526	1808
1527	1787
1528	1782
1529	1781
1530	1792
1531	1764
1532	1731
1533	1717
1534	1729
1535	1689
1536	1769
1537	1793
1538	1755
1539	1705
1540	1776
1541	1806
1542	1721
1543	1810
1544	1667
1545	1730
1546	1708
1547	1734
1548	1734
1549	1761
1550	1739
1551	1817
1552	1816
1553	1727
1554	1821
1555	1730
1556	1698
1557	1716
1558	1735
1559	1795
1560	1813
1561	1737
1562	1726
1563	1794
1564	1794
1565	1714
1566	1766
1567	1805
1568	1778
1569	1722
1570	1693
1571	1781
1572	1658
1573	1762
1574	1787
1575	1715
1576	1777
1577	1800
1578	1705
1579	1721
1580	1758
1581	1751
1582	1732
1583	1731
1584	1802
1585	1710
1586	1711
1587	1794
1588	1721
1589	1727
1590	1760
1591	1761
1592	1688
1593	1744
1594	1743
1595	1727
1596	1756
1597	1791
1598	1754
1599	1793
1600	1729
1601	1707
1602	1738
1603	1776
1604	1775
1605	1761
1606	1765
1607	1726
1608	1757
1609	1660
1610	1708
1611	1730
1612	1747
1613	1740
1614	1748
1615	1740
1616	1778
1617	1724
1618	1758
1619	1767
1620	1715
1621	1725
1622	1733
1623	1816
1624	1710
1625	1798
1626	1756
1627	1707
1628	1733
1629	1733
1630	1731
1631	1767
1632	1714
1633	1745
1634	1833
1635	1754
1636	1795
1637	1763
1638	1702
1639	1769
1640	1734
1641	1818
1642	1736
1643	1754
1644	1682
1645	1726
1646	1799
1647	1736
1648	1768
1649	1791
1650	1757
1651	1729
1652	1815
1653	1745
1654	1691
1655	1737
1656	1720
1657	1754
1658	1771
1659	1766
1660	1718
1661	1745
1662	1704
1663	1761
1664	1803
1665	1712
1666	1803
1667	1742
1668	1761
1669	1725
1670	1762
1671	1767
1672	1717
1673	1719
1674	1697
1675	1723
1676	1774
1677	1783
1678	1688
1679	1797
1680	1754
1681	1763
1682	1714
1683	1747
1684	1752
1685	1697
1686	1747
1687	1773
1688	1786
1689	1702
1690	1718
1691	1826
1692	1757
1693	1839
1694	1742
1695	1825
1696	1677
1697	1821
1698	1778
1699	1805
1700	1758
1701	1820
1702	1790
1703	1702
1704	1777
1705	1720
1706	1749
1707	1798
1708	1825
1709	1719
1710	1744
1711	1706
1712	1796
1713	1788
1714	1780
1715	1737
1716	1702
1717	1801
1718	1666
1719	1713
1720	1744
1721	1707
1722	1680
1723	1734
1724	1796
1725	1796
1726	1688
1727	1758
1728	1793
1729	1743
1730	1778
1731	1662
1732	1726
1733	1643
1734	1686
1735	1803
1736	1723
1737	1737
1738	1696
1739	1737
1740	1730
1741	1772
1742	1687
1743	1662
1744	1706
1745	1750
1746	1668
1747	1692
1748	1750
1749	1702
1750	1760
1751	1737
1752	1714
1753	1798
1754	1700
1755	1701
1756	1815
1757	1714
1758	1694
1759	1783
1760	1736
1761	1744
1762	1780
1763	1727
1764	1712
1765	1753
1766	1699
1767	1705
1768	1722
1769	1737
1770	1804
1771	1802
1772	1828
1773	1770
1774	1736
1775	1647
1776	1730
1777	1801
1778	1715
1779	1711
1780	1777
1781	1756
1782	1746
1783	1683
1784	1640
1785	1740
1786	1701
1787	1689
1788	1736
1789	1789
1790	1765
1791	1799
1792	1828
1793	1728
1794	1743
1795	1731
1796	1749
1797	1806
1798	1791
1799	1763
1800	1726
1801	1724
1802	1666
1803	1756
1804	1758
1805	1776
1806	1795
1807	1767
1808	1786
1809	1682
1810	1772
1811	1748
1812	1703
1813	1751
1814	1745
1815	1819
1816	1664
1817	1718
1818	1711
1819	1721
1820	1790
1821	1713
1822	1728
1823	1790
1824	1796
1825	1785
1826	1762
1827	1751
1828	1733
1829	1690
1830	1747
1831	1706
1832	1758
1833	1721
1834	1666
1835	1716
1836	1763
1837	1764
1838	1752
1839	1760
1840	1763
1841	1800
1842	1714
1843	1806
1844	1692
1845	1792
1846	1728
1847	1801
1848	1755
1849	1645
1850	1747
1851	1681
1852	1757
1853	1747
1854	1717
1855	1779
1856	1738
1857	1741
1858	1743
1859	1759
1860	1770
1861	1777
1862	1815
1863	1741
1864	1768
1865	1746
1866	1750
1867	1735
1868	1788
1869	1693
1870	1775
1871	1751
1872	1721
1873	1728
1874	1765
1875	1825
1876	1782
1877	1721
1878	1771
1879	1727
1880	1690
1881	1658
1882	1748
1883	1756
1884	1709
1885	1711
1886	1740
1887	1746
1888	1708
1889	1761
1890	1743
1891	1796
1892	1655
1893	1741
1894	1662
1895	1704
1896	1734
1897	1710
1898	1750
1899	1724
1900	1746
1901	1773
1902	1780
1903	1795
1904	1791
1905	1767
1906	1764
1907	1748
1908	1840
1909	1750
1910	1730
1911	1772
1912	1744
1913	1754
1914	1733
1915	1849
1916	1746
1917	1721
1918	1786
1919	1722
1920	1777
1921	1753
1922	1725
1923	1703
1924	1746
1925	1763
1926	1704
1927	1696
1928	1748
1929	1732
1930	1734
1931	1732
1932	1789
1933	1685
1934	1737
1935	1728
1936	1726
1937	1736
1938	1772
1939	1780
1940	1763
1941	1714
1942	1715
1943	1701
1944	1758
1945	1800
1946	1748
1947	1731
1948	1805
1949	1637
1950	1761
1951	1732
1952	1762
1953	1711
1954	1760
1955	1746
1956	1777
1957	1801
1958	1717
1959	1719
1960	1674
1961	1780
1962	1669
1963	1758
1964	1735
1965	1779
1966	1724
1967	1741
1968	1729
1969	1710
1970	1717
1971	1697
1972	1671
1973	1734
1974	1799
1975	1680
1976	1763
1977	1774
1978	1705
1979	1776
1980	1825
1981	1693
1982	1759
1983	1697
1984	1752
1985	1763
1986	1801
1987	1707
1988	1696
1989	1753
1990	1767
1991	1697
1992	1718
1993	1721
1994	1717
1995	1847
1996	1719
1997	1769
1998	1754
1999	1768
2000	1683
2001	1669
2002	1740
2003	1771
2004	1863
2005	1676
2006	1726
2007	1787
2008	1719
2009	1710
2010	1749
2011	1669
2012	1749
2013	1691
2014	1771
2015	1741
2016	1718
2017	1769
2018	1669
2019	1732
2020	1742
2021	1667
2022	1817
2023	1737
2024	1753
2025	1729
2026	1802
2027	1776
2028	1757
2029	1711
2030	1744
2031	1837
2032	1763
2033	1747
2034	1810
2035	1696
2036	1829
2037	1687
2038	1765
2039	1688
2040	1722
2041	1743
2042	1728
2043	1747
2044	1805
2045	1788
2046	1711
2047	1711
2048	1713
