# Start time:    2026-06-30, 10:27:12
# Real time (s): 7200.000
# Live time (s): 7200.000
# Reactor power (MW): 1.000000
# Number of channels: 2048
# Channel width (usec): 2.000000
# Dead time (usec): 26.000000
# Number of frames: 961043
# Path length (cm): 191.000000
#
# Total counts:  13036933
# Chan. numb.	Numb. of counts
#-----------------------------------------------------------------------
1	0
2	0
3	5246
4	5210
5	5170
6	5394
7	5299
8	5162
9	5325
10	5184
11	5133
12	5197
13	5177
14	5307
15	5320
16	5279
17	5206
18	5228
19	5187
20	5299
21	5363
22	5329
23	5300
24	5205
25	5315
26	5348
27	5221
28	5279
29	5350
30	5277
31	5327
32	5264
33	5265
34	5167
35	5390
36	5313
37	5014
38	5218
39	5186
40	5219
41	5311
42	5422
43	5430
44	5109
45	5300
46	5259
47	5236
48	5304
49	5348
50	5298
51	5168
52	5263
53	5234
54	5326
55	5195
56	5186
57	5188
58	5185
59	5275
60	5285
61	5206
62	5344
63	5283
64	5326
65	5066
66	5276
67	5176
68	5200
69	5376
70	5274
71	5249
72	5343
73	5363
74	5277
75	5231
76	5223
77	5398
78	5393
79	5376
80	5311
81	5302
82	5372
83	5356
84	5337
85	5364
86	5392
87	5203
88	5402
89	5379
90	5475
91	5356
92	5355
93	5348
94	5371
95	5379
96	5364
97	5460
98	5357
99	5273
100	5389
101	5311
102	5327
103	5273
104	5380
105	5418
106	5249
107	5584
108	5318
109	5350
110	5399
111	5444
112	5441
113	5391
114	5389
115	5461
116	5457
117	5521
118	5328
119	5460
120	5511
121	5399
122	5509
123	5401
124	5511
125	5446
126	5420
127	5539
128	5635
129	5464
130	5391
131	5665
132	5513
133	5653
134	5512
135	5493
136	5519
137	5513
138	5504
139	5655
140	5743
141	5639
142	5761
143	5617
144	5540
145	5718
146	5681
147	5693
148	5591
149	5564
150	5632
151	5646
152	5808
153	5834
154	5837
155	5770
156	6006
157	5697
158	5736
159	5777
160	5814
161	5927
162	5910
163	5768
164	6043
165	5891
166	6179
167	5955
168	6006
169	6184
170	6148
171	6109
172	6221
173	6162
174	6181
175	6275
176	6249
177	6385
178	6213
179	6417
180	6510
181	6412
182	6545
183	6463
184	6466
185	6539
186	6608
187	6530
188	6556
189	6715
190	6798
191	6720
192	6733
193	6949
194	6807
195	6936
196	7001
197	7062
198	7073
199	7249
200	7190
201	7099
202	7141
203	7498
204	7394
205	7325
206	7390
207	7520
208	7457
209	7575
210	7616
211	7812
212	7885
213	7731
214	7835
215	7769
216	7919
217	7976
218	8106
219	8028
220	8222
221	8193
222	7972
223	8110
224	8275
225	8361
226	8430
227	8469
228	8515
229	8489
230	8638
231	8451
232	8673
233	8854
234	8684
235	8609
236	8861
237	8651
238	8934
239	8827
240	8858
241	8815
242	8952
243	9184
244	9033
245	9001
246	9163
247	9197
248	9285
249	9187
250	9234
251	9325
252	9233
253	9537
254	9464
255	9391
256	9302
257	9673
258	9438
259	9520
260	9699
261	9673
262	9844
263	9679
264	9718
265	9847
266	9563
267	9724
268	9802
269	9681
270	9807
271	9729
272	9885
273	9874
274	9746
275	9950
276	9944
277	9886
278	9989
279	9723
280	10049
281	9985
282	9924
283	9952
284	9997
285	10160
286	9937
287	10022
288	10030
289	10062
290	10113
291	10117
292	9932
293	9951
294	10117
295	10013
296	10093
297	10120
298	9955
299	9957
300	10059
301	10009
302	9746
303	9838
304	10033
305	9804
306	9860
307	9620
308	9799
309	9653
310	9658
311	9733
312	9763
313	9660
314	9726
315	9677
316	9875
317	9690
318	9555
319	9405
320	9605
321	9504
322	9564
323	9608
324	9583
325	9425
326	9369
327	9548
328	9339
329	9577
330	9221
331	9296
332	9278
333	9267
334	9409
335	9331
336	9252
337	9141
338	9277
339	9244
340	8900
341	9168
342	9047
343	9172
344	9092
345	8915
346	9102
347	9116
348	9069
349	9156
350	8863
351	9005
352	8792
353	8733
354	8961
355	8994
356	8937
357	8943
358	8886
359	8981
360	8825
361	8746
362	8664
363	8713
364	8914
365	8790
366	8840
367	8861
368	8810
369	8862
370	8704
371	8791
372	8586
373	8702
374	8510
375	8550
376	8623
377	8591
378	8885
379	8629
380	8582
381	8553
382	8660
383	8652
384	8616
385	8524
386	8369
387	8412
388	8423
389	8476
390	8387
391	8577
392	8464
393	8395
394	8311
395	8347
396	8268
397	8279
398	8226
399	8425
400	8202
401	8078
402	8122
403	8282
404	8038
405	8088
406	8006
407	7876
408	7896
409	7910
410	7828
411	7871
412	7860
413	7890
414	7750
415	7677
416	7651
417	7861
418	7749
419	7721
420	7680
421	7660
422	7615
423	7561
424	7518
425	7547
426	7621
427	7475
428	7672
429	7520
430	7319
431	7339
432	7343
433	7349
434	7366
435	7343
436	7262
437	7339
438	7376
439	7197
440	7348
441	7239
442	7248
443	7251
444	7233
445	7286
446	7241
447	7218
448	7124
449	7212
450	7110
451	7138
452	7176
453	7138
454	7080
455	7128
456	7206
457	7086
458	7065
459	6990
460	7042
461	7085
462	6941
463	6922
464	7210
465	7048
466	6990
467	7076
468	6971
469	6955
470	7024
471	6815
472	6850
473	6911
474	7077
475	7063
476	6915
477	6975
478	6776
479	6864
480	7005
481	6881
482	7164
483	6892
484	6773
485	6771
486	6870
487	6735
488	6806
489	6871
490	6729
491	6605
492	6775
493	6747
494	6813
495	6703
496	6696
497	6850
498	6768
499	6805
500	6794
501	6801
502	6774
503	6653
504	6741
505	6707
506	6595
507	6760
508	6764
509	6720
510	6725
511	6751
512	6738
513	6763
514	6593
515	6782
516	6621
517	6608
518	6693
519	6634
520	6585
521	6453
522	6602
523	6694
524	6682
525	6729
526	6536
527	6665
528	6701
529	6679
530	6542
531	6653
532	6563
533	6504
534	6569
535	6613
536	6701
537	6648
538	6527
539	6509
540	6553
541	6732
542	6497
543	6657
544	6643
545	6678
546	6647
547	6581
548	6712
549	6595
550	6566
551	6553
552	6416
553	6342
554	6450
555	6345
556	6519
557	6440
558	6302
559	6370
560	6393
561	6505
562	6496
563	6530
564	6421
565	6382
566	6439
567	6382
568	6408
569	6356
570	6362
571	6507
572	6191
573	6266
574	6255
575	6334
576	6339
577	6277
578	6285
579	6342
580	6339
581	6189
582	6243
583	6131
584	6183
585	6296
586	6207
587	6361
588	6176
589	6190
590	6250
591	6295
592	6162
593	6169
594	6106
595	6045
596	6105
597	6035
598	6003
599	6041
600	6113
601	5820
602	5904
603	5954
604	6086
605	5904
606	6013
607	6080
608	5966
609	5985
610	5941
611	5845
612	5959
613	5936
614	5884
615	5800
616	5996
617	5773
618	5816
619	5963
620	5925
621	5864
622	5772
623	5976
624	5954
625	5916
626	5811
627	5954
628	5815
629	6011
630	5850
631	5818
632	5905
633	5824
634	5952
635	5998
636	5825
637	5896
638	5892
639	5885
640	5852
641	5976
642	5986
643	5870
644	5955
645	5848
646	6094
647	6027
648	6031
649	6020
650	5822
651	5843
652	5923
653	5820
654	5993
655	5889
656	5833
657	5863
658	5983
659	5912
660	5898
661	5909
662	5871
663	5823
664	5791
665	5866
666	5981
667	5927
668	5970
669	5603
670	5948
671	5768
672	5796
673	5832
674	5899
675	5712
676	5884
677	5766
678	5918
679	5849
680	5740
681	5823
682	5805
683	5825
684	5846
685	5816
686	5756
687	5840
688	5891
689	5774
690	5778
691	5829
692	5885
693	5688
694	5768
695	5798
696	5641
697	5725
698	5635
699	5557
700	5575
701	5658
702	5649
703	5801
704	5696
705	5611
706	5605
707	5628
708	5578
709	5669
710	5713
711	5871
712	5542
713	5637
714	5528
715	5587
716	5567
717	5501
718	5524
719	5586
720	5631
721	5658
722	5658
723	5592
724	5603
725	5566
726	5622
727	5548
728	5457
729	5555
730	5566
731	5518
732	5728
733	5562
734	5476
735	5544
736	5444
737	5613
738	5643
739	5620
740	5568
741	5603
742	5641
743	5550
744	5594
745	5515
746	5539
747	5539
748	5599
749	5586
750	5623
751	5502
752	5517
753	5424
754	5473
755	5636
756	5463
757	5502
758	5437
759	5506
760	5532
761	5602
762	5517
763	5586
764	5491
765	5495
766	5495
767	5372
768	5472
769	5519
770	5666
771	5492
772	5545
773	5535
774	5483
775	5528
776	5495
777	5542
778	5429
779	5493
780	5414
781	5520
782	5341
783	5700
784	5539
785	5507
786	5575
787	5460
788	5512
789	5459
790	5534
791	5535
792	5559
793	5432
794	5508
795	5396
796	5401
797	5494
798	5518
799	5355
800	5513
801	5634
802	5478
803	5536
804	5410
805	5526
806	5536
807	5464
808	5456
809	5352
810	5631
811	5430
812	5575
813	5440
814	5571
815	5462
816	5430
817	5554
818	5471
819	5512
820	5352
821	5564
822	5362
823	5452
824	5595
825	5489
826	5434
827	5422
828	5447
829	5486
830	5394
831	5562
832	5411
833	5512
834	5521
835	5368
836	5416
837	5301
838	5445
839	5404
840	5398
841	5394
842	5508
843	5396
844	5482
845	5485
846	5464
847	5455
848	5318
849	5395
850	5490
851	5485
852	5441
853	5400
854	5320
855	5444
856	5379
857	5466
858	5419
859	5411
860	5421
861	5375
862	5437
863	5456
864	5461
865	5304
866	5368
867	5450
868	5397
869	5383
870	5430
871	5428
872	5360
873	5206
874	5332
875	5488
876	5313
877	5540
878	5275
879	5396
880	5497
881	5369
882	5337
883	5300
884	5380
885	5425
886	5458
887	5496
888	5451
889	5433
890	5413
891	5392
892	5379
893	5432
894	5396
895	5371
896	5298
897	5519
898	5414
899	5265
900	5288
901	5368
902	5581
903	5306
904	5437
905	5407
906	5513
907	5471
908	5434
909	5377
910	5407
911	5427
912	5400
913	5469
914	5507
915	5241
916	5399
917	5401
918	5471
919	5328
920	5321
921	5412
922	5385
923	5295
924	5411
925	5416
926	5300
927	5337
928	5378
929	5624
930	5401
931	5337
932	5429
933	5431
934	5433
935	5294
936	5485
937	5412
938	5318
939	5456
940	5237
941	5366
942	5380
943	5348
944	5217
945	5340
946	5320
947	5367
948	5466
949	5369
950	5295
951	5372
952	5334
953	5418
954	5377
955	5527
956	5478
957	5520
958	5288
959	5485
960	5236
961	5320
962	5445
963	5322
964	5299
965	5339
966	5316
967	5326
968	5451
969	5414
970	5354
971	5356
972	5329
973	5407
974	5296
975	5377
976	5387
977	5352
978	5330
979	5348
980	5286
981	5348
982	5234
983	5351
984	5508
985	5300
986	5191
987	5330
988	5465
989	5401
990	5269
991	5359
992	5480
993	5355
994	5364
995	5276
996	5343
997	5360
998	5360
999	5365
1000	5285
1001	5239
1002	5361
1003	5469
1004	5403
1005	5371
1006	5432
1007	5498
1008	5352
1009	5295
1010	5361
1011	5147
1012	5362
1013	5430
1014	5405
1015	5387
1016	5454
1017	5354
1018	5397
1019	5420
1020	5399
1021	5306
1022	5396
1023	5403
1024	5342
1025	5230
1026	5409
1027	5312
1028	5375
1029	5401
1030	5336
1031	5407
1032	5580
1033	5486
1034	5297
1035	5370
1036	5393
1037	5263
1038	5236
1039	5463
1040	5474
1041	5496
1042	5438
1043	5318
1044	5447
1045	5427
1046	5243
1047	5394
1048	5335
1049	5317
1050	5434
1051	5286
1052	5319
1053	5307
1054	5504
1055	5312
1056	5363
1057	5528
1058	5384
1059	5327
1060	5341
1061	5282
1062	5349
1063	5318
1064	5423
1065	5387
1066	5346
1067	5334
1068	5338
1069	5348
1070	5486
1071	5397
1072	5289
1073	5455
1074	5257
1075	5379
1076	5429
1077	5391
1078	5397
1079	5324
1080	5264
1081	5418
1082	5343
1083	5259
1084	5363
1085	5344
1086	5263
1087	5318
1088	5249
1089	5384
1090	5282
1091	5302
1092	5319
1093	5278
1094	5370
1095	5464
1096	5383
1097	5293
1098	5381
1099	5395
1100	5405
1101	5350
1102	5317
1103	5388
1104	5207
1105	5220
1106	5216
1107	5360
1108	5451
1109	5408
1110	5356
1111	5351
1112	5187
1113	5352
1114	5288
1115	5453
1116	5261
1117	5384
1118	5275
1119	5310
1120	5195
1121	5455
1122	5287
1123	5263
1124	5446
1125	5482
1126	5449
1127	5282
1128	5230
1129	5286
1130	5307
1131	5310
1132	5235
1133	5369
1134	5237
1135	5408
1136	5384
1137	5347
1138	5334
1139	5351
1140	5196
1141	5444
1142	5414
1143	5318
1144	5469
1145	5246
1146	5359
1147	5371
1148	5336
1149	5223
1150	5367
1151	5340
1152	5215
1153	5375
1154	5283
1155	5358
1156	5433
1157	5388
1158	5420
1159	5348
1160	5241
1161	5300
1162	5328
1163	5396
1164	5505
1165	5248
1166	5337
1167	5405
1168	5475
1169	5403
1170	5436
1171	5385
1172	5437
1173	5597
1174	5385
1175	5353
1176	5227
1177	5362
1178	5335
1179	5373
1180	5349
1181	5356
1182	5377
1183	5218
1184	5366
1185	5310
1186	5359
1187	5284
1188	5314
1189	5426
1190	5393
1191	5262
1192	5305
1193	5373
1194	5377
1195	5358
1196	5228
1197	5424
1198	5403
1199	5166
1200	5324
1201	5354
1202	5324
1203	5200
1204	5278
1205	5235
1206	5242
1207	5492
1208	5234
1209	5242
1210	5378
1211	5344
1212	5268
1213	5308
1214	5348
1215	5240
1216	5231
1217	5342
1218	5328
1219	5273
1220	5257
1221	5437
1222	5230
1223	5212
1224	5426
1225	5371
1226	5435
1227	5293
1228	5167
1229	5274
1230	5256
1231	5336
1232	5257
1233	5305
1234	5123
1235	5382
1236	5208
1237	5217
1238	5291
1239	5195
1240	5323
1241	5402
1242	5292
1243	5260
1244	5279
1245	5390
1246	5299
1247	5411
1248	5198
1249	5300
1250	5277
1251	5222
1252	5163
1253	5231
1254	5268
1255	5211
1256	5178
1257	5246
1258	5148
1259	5151
1260	5299
1261	5182
1262	5200
1263	5168
1264	5302
1265	5319
1266	5308
1267	5229
1268	5234
1269	5187
1270	5289
1271	5319
1272	5365
1273	5300
1274	5293
1275	5222
1276	5226
1277	5212
1278	5265
1279	5290
1280	5286
1281	5374
1282	5330
1283	5264
1284	5265
1285	5446
1286	5265
1287	5327
1288	5259
1289	5322
1290	5202
1291	5279
1292	5307
1293	5292
1294	5316
1295	5401
1296	5374
1297	5333
1298	5287
1299	5307
1300	5192
1301	5216
1302	5244
1303	5182
1304	5194
1305	5155
1306	5199
1307	5411
1308	5285
1309	5320
1310	5221
1311	5255
1312	5155
1313	5252
1314	5321
1315	5211
1316	5283
1317	5250
1318	5336
1319	5278
1320	5147
1321	5289
1322	5174
1323	5316
1324	5302
1325	5460
1326	5214
1327	5260
1328	5413
1329	5326
1330	5314
1331	5256
1332	5223
1333	5295
1334	5298
1335	5286
1336	5157
1337	5352
1338	5266
1339	5141
1340	5338
1341	5330
1342	5252
1343	5243
1344	5246
1345	5292
1346	5416
1347	5332
1348	5304
1349	5247
1350	5053
1351	5349
1352	5301
1353	5274
1354	5212
1355	5170
1356	5396
1357	5316
1358	5358
1359	5290
1360	5270
1361	5301
1362	5285
1363	5160
1364	5347
1365	5356
1366	5125
1367	5202
1368	5228
1369	5317
1370	5313
1371	5317
1372	5246
1373	5443
1374	5285
1375	5234
1376	5249
1377	5231
1378	5225
1379	5213
1380	5201
1381	5293
1382	5245
1383	5291
1384	5219
1385	5407
1386	5358
1387	5280
1388	5174
1389	5280
1390	5335
1391	5262
1392	5260
1393	5293
1394	5266
1395	5429
1396	5219
1397	5362
1398	5394
1399	5246
1400	5300
1401	5357
1402	5195
1403	5358
1404	5249
1405	5249
1406	5279
1407	5285
1408	5188
1409	5156
1410	5168
1411	5297
1412	5276
1413	5243
1414	5217
1415	5362
1416	5247
1417	5094
1418	5300
1419	5248
1420	5237
1421	5332
1422	5374
1423	5329
1424	5205
1425	5165
1426	5305
1427	5313
1428	5306
1429	5186
1430	5297
1431	5413
1432	5386
1433	5265
1434	5286
1435	5175
1436	5229
1437	5310
1438	5108
1439	5247
1440	5213
1441	5206
1442	5350
1443	5138
1444	5284
1445	5114
1446	5333
1447	5267
1448	5379
1449	5361
1450	5225
1451	5295
1452	5339
1453	5271
1454	5342
1455	5208
1456	5124
1457	5162
1458	5291
1459	5211
1460	5220
1461	5213
1462	5325
1463	5302
1464	5328
1465	5238
1466	5147
1467	5313
1468	5232
1469	5299
1470	5277
1471	5155
1472	5142
1473	5210
1474	5177
1475	5145
1476	5330
1477	5233
1478	5335
1479	5242
1480	5179
1481	5255
1482	5188
1483	5187
1484	5244
1485	5203
1486	5278
1487	5332
1488	5294
1489	5217
1490	5304
1491	5205
1492	5259
1493	5283
1494	5247
1495	5239
1496	5237
1497	5083
1498	5212
1499	5287
1500	5270
1501	5285
1502	5253
1503	5228
1504	5171
1505	5278
1506	5209
1507	5359
1508	5248
1509	5203
1510	5196
1511	5277
1512	5274
1513	5334
1514	5083
1515	5278
1516	5355
1517	5234
1518	5191
1519	5210
1520	5263
1521	5273
1522	5331
1523	5225
1524	5370
1525	5125
1526	5225
1527	5316
1528	5234
1529	5237
1530	5326
1531	5137
1532	5339
1533	5212
1534	5197
1535	5347
1536	5292
1537	5246
1538	5262
1539	5251
1540	5286
1541	5198
1542	5216
1543	5202
1544	5264
1545	5219
1546	5238
1547	5344
1548	5217
1549	5318
1550	5335
1551	5265
1552	5227
1553	5151
1554	5106
1555	5270
1556	5240
1557	5271
1558	5322
1559	5388
1560	5319
1561	5214
1562	5314
1563	5367
1564	5155
1565	5360
1566	5346
1567	5243
1568	5286
1569	5086
1570	5381
1571	5310
1572	5202
1573	5257
1574	5320
1575	5223
1576	5156
1577	5281
1578	5388
1579	5247
1580	5252
1581	5250
1582	5198
1583	5285
1584	5255
1585	5318
1586	5272
1587	5264
1588	5273
1589	5211
1590	5353
1591	5239
1592	5224
1593	5376
1594	5219
1595	5189
1596	5172
1597	5259
1598	5331
1599	5268
1600	5232
1601	5403
1602	5121
1603	5279
1604	5256
1605	5270
1606	5537
1607	5317
1608	4993
1609	5318
1610	5228
1611	5186
1612	5176
1613	5285
1614	5418
1615	5227
1616	5200
1617	5209
1618	5333
1619	5172
1620	5289
1621	5200
1622	5219
1623	5193
1624	5316
1625	5286
1626	5183
1627	5294
1628	5218
1629	5243
1630	5225
1631	5230
1632	5287
1633	5176
1634	5230
1635	5214
1636	5286
1637	5225
1638	5146
1639	5329
1640	5127
1641	5262
1642	5205
1643	5285
1644	5284
1645	5204
1646	5315
1647	5174
1648	5280
1649	5277
1650	5315
1651	5070
1652	5291
1653	5395
1654	5074
1655	5228
1656	5098
1657	5246
1658	5160
1659	5348
1660	5280
1661	5249
1662	5321
1663	5282
1664	5136
1665	5236
1666	5254
1667	5390
1668	5191
1669	5348
1670	5223
1671	5177
1672	5156
1673	5323
1674	5303
1675	5257
1676	5339
1677	5237
1678	5227
1679	5166
1680	5178
1681	5271
1682	5322
1683	5113
1684	5261
1685	5208
1686	5237
1687	5299
1688	5211
1689	5234
1690	5353
1691	5329
1692	5216
1693	5399
1694	5263
1695	5199
1696	5120
1697	5114
1698	5238
1699	5195
1700	5246
1701	5248
1702	5252
1703	5194
1704	5338
1705	5278
1706	5184
1707	5252
1708	5235
1709	5101
1710	5283
1711	5374
1712	5190
1713	5418
1714	5193
1715	5231
1716	5192
1717	5376
1718	5238
1719	5252
1720	5167
1721	5243
1722	5302
1723	5322
1724	5367
1725	5219
1726	5271
1727	5212
1728	5288
1729	5168
1730	5264
1731	5336
1732	5211
1733	5238
1734	5224
1735	5205
1736	5129
1737	5246
1738	5319
1739	5150
1740	5245
1741	5260
1742	5320
1743	5192
1744	5197
1745	5156
1746	5265
1747	5297
1748	5212
1749	5290
1750	5185
1751	5175
1752	5219
1753	5390
1754	5034
1755	5264
1756	5274
1757	5235
1758	5266
1759	5266
1760	5264
1761	5159
1762	5209
1763	5246
1764	5285
1765	5388
1766	5262
1767	5195
1768	5324
1769	5286
1770	5323
1771	5287
1772	5334
1773	5205
1774	5252
1775	5264
1776	5257
1777	5201
1778	5269
1779	5338
1780	5301
1781	5255
1782	5154
1783	5355
1784	5152
1785	5216
1786	5277
1787	5233
1788	5288
1789	5257
1790	5270
1791	5196
1792	5275
1793	5252
1794	5107
1795	5287
1796	5239
1797	5139
1798	5322
1799	5260
1800	5173
1801	5271
1802	5171
1803	5230
1804	5254
1805	5289
1806	5259
1807	5239
1808	5241
1809	5152
1810	5276
1811	5319
1812	5226
1813	5199
1814	5276
1815	5272
1816	5210
1817	5311
1818	5200
1819	5232
1820	5097
1821	5255
1822	5185
1823	5309
1824	5219
1825	5214
1826	5286
1827	5211
1828	5191
1829	5131
1830	5148
1831	5200
1832	5262
1833	5321
1834	5248
1835	5279
1836	5246
1837	5228
1838	5329
1839	5302
1840	5202
1841	5126
1842	5318
1843	5233
1844	5146
1845	5340
1846	5186
1847	5232
1848	5249
1849	5231
1850	5302
1851	5175
1852	5225
1853	5231
1854	5429
1855	5180
1856	5307
1857	5159
1858	5152
1859	5222
1860	5209
1861	5203
1862	5208
1863	5250
1864	5224
1865	5188
1866	5161
1867	5164
1868	5234
1869	5166
1870	5421
1871	5222
1872	5221
1873	5258
1874	5354
1875	5187
1876	5322
1877	5292
1878	5096
1879	5234
1880	5308
1881	5250
1882	5135
1883	5250
1884	5225
1885	5171
1886	5205
1887	5192
1888	5299
1889	5327
1890	5261
1891	5320
1892	5226
1893	5288
1894	5235
1895	5276
1896	5264
1897	5323
1898	5159
1899	5207
1900	5188
1901	5235
1902	5224
1903	5252
1904	5162
1905	5393
1906	5156
1907	5271
1908	5293
1909	5201
1910	5296
1911	5234
1912	5243
1913	5254
1914	5244
1915	5234
1916	5160
1917	5314
1918	5086
1919	5282
1920	5334
1921	5252
1922	5246
1923	5315
1924	5218
1925	5128
1926	5180
1927	5417
1928	5325
1929	5183
1930	5241
1931	5224
1932	5358
1933	5174
1934	5163
1935	5315
1936	5311
1937	5220
1938	5112
1939	5356
1940	5141
1941	5297
1942	5247
1943	5180
1944	5204
1945	5284
1946	5306
1947	5139
1948	5204
1949	5354
1950	5180
1951	5328
1952	5368
1953	5272
1954	5331
1955	5234
1956	5127
1957	5244
1958	5199
1959	5153
1960	5352
1961	5212
1962	5328
1963	5321
1964	5249
1965	5246
1966	5238
1967	5257
1968	5218
1969	5219
1970	5242
1971	5161
1972	5267
1973	5233
1974	5238
1975	5230
1976	5212
1977	5199
1978	5242
1979	5268
1980	5177
1981	5201
1982	5200
1983	5310
1984	5162
1985	5290
1986	5431
1987	5182
1988	5186
1989	5238
1990	5179
1991	5262
1992	5277
1993	5173
1994	5197
1995	5115
1996	5167
1997	5255
1998	5188
1999	5235
2000	5352
2001	5242
2002	5303
2003	5316
2004	5180
2005	5186
2006	5254
2007	5199
2008	5293
2009	5295
2010	5334
2011	5340
2012	5243
2013	5236
2014	5154
2015	5203
2016	5297
2017	5215
2018	5136
2019	5234
2020	5259
2021	5249
2022	5367
2023	5264
2024	5270
2025	5237
2026	5310
2027	5171
2028	5370
2029	5294
2030	5187
2031	5322
2032	5252
2033	5181
2034	5230
2035	5311
2036	5109
2037	5406
2038	5309
2039	5234
2040	5225
2041	5294
2042	5252
2043	5201
2044	5394
2045	5106
2046	5251
2047	5282
2048	5309
