# Start time:    2026-07-27, 11:26:04
# Real time (s): 1500.010
# Live time (s): 1500.000
# Reactor power (MW): 1.000000
# Number of channels: 2048
# Channel width (usec): 2.000000
# Dead time (usec): 26.000000
# Number of frames: 295934
# Path length (cm): 191.500000
#
# Total counts:  4477863
# Chan. numb.	Numb. of counts
#-----------------------------------------------------------------------
1	0
2	0
3	1925
4	1932
5	1925
6	1921
7	1856
8	1930
9	1977
10	1987
11	1920
12	1825
13	1898
14	1927
15	1997
16	1886
17	1879
18	1880
19	1999
20	1937
21	1968
22	1934
23	1927
24	1980
25	1894
26	1907
27	1896
28	1891
29	1946
30	2009
31	1940
32	1899
33	1982
34	1904
35	1938
36	1975
37	1905
38	1921
39	1933
40	1907
41	1871
42	1893
43	2023
44	1927
45	1930
46	1904
47	1938
48	1894
49	1892
50	1893
51	1953
52	1938
53	1893
54	1896
55	1898
56	1971
57	1922
58	2017
59	1922
60	1941
61	1942
62	1994
63	1922
64	1919
65	1957
66	1944
67	1973
68	1927
69	1885
70	1948
71	1966
72	2015
73	1921
74	1881
75	1913
76	1928
77	1882
78	1941
79	1975
80	1881
81	1953
82	1907
83	1944
84	1957
85	1930
86	1921
87	1896
88	1984
89	2004
90	2023
91	1977
92	1916
93	1889
94	1897
95	1987
96	1895
97	1959
98	1933
99	1964
100	1908
101	2010
102	1911
103	1987
104	1986
105	1954
106	1928
107	1941
108	1926
109	1927
110	2007
111	1997
112	1915
113	1947
114	1932
115	1892
116	1872
117	1999
118	1975
119	1964
120	1925
121	1939
122	1928
123	2071
124	1939
125	1956
126	1978
127	1923
128	1921
129	1998
130	1922
131	1922
132	1888
133	1927
134	2005
135	1960
136	2030
137	1995
138	1987
139	1902
140	1999
141	1905
142	1961
143	1942
144	1881
145	1990
146	2012
147	1988
148	1979
149	1979
150	1953
151	2016
152	2049
153	2042
154	1982
155	2008
156	2028
157	1981
158	2031
159	1962
160	1988
161	2023
162	1970
163	1943
164	2034
165	2037
166	1911
167	2019
168	2113
169	2041
170	1988
171	2018
172	2009
173	2099
174	2066
175	2038
176	1996
177	2044
178	2157
179	2023
180	2063
181	2032
182	1995
183	2033
184	2120
185	2037
186	2091
187	2077
188	2046
189	2156
190	2039
191	2132
192	2104
193	2094
194	2102
195	2160
196	2125
197	2054
198	2096
199	2114
200	2179
201	2093
202	2213
203	2191
204	2132
205	2148
206	2151
207	2102
208	2242
209	2132
210	2310
211	2242
212	2221
213	2327
214	2221
215	2360
216	2264
217	2263
218	2267
219	2266
220	2293
221	2300
222	2296
223	2287
224	2372
225	2353
226	2282
227	2361
228	2448
229	2327
230	2411
231	2415
232	2300
233	2424
234	2411
235	2398
236	2456
237	2469
238	2367
239	2451
240	2436
241	2433
242	2460
243	2497
244	2448
245	2397
246	2550
247	2568
248	2569
249	2541
250	2585
251	2528
252	2455
253	2633
254	2508
255	2518
256	2654
257	2525
258	2494
259	2589
260	2564
261	2624
262	2616
263	2728
264	2677
265	2614
266	2589
267	2613
268	2646
269	2644
270	2682
271	2692
272	2598
273	2782
274	2770
275	2756
276	2647
277	2633
278	2745
279	2750
280	2811
281	2752
282	2714
283	2807
284	2711
285	2736
286	2713
287	2763
288	2695
289	2729
290	2786
291	2797
292	2783
293	2761
294	2817
295	2820
296	2781
297	2890
298	2843
299	2843
300	2672
301	2685
302	2830
303	2824
304	2748
305	2773
306	2842
307	2834
308	2733
309	2757
310	2766
311	2837
312	2778
313	2797
314	2820
315	2636
316	2645
317	2837
318	2743
319	2838
320	2733
321	2720
322	2819
323	2753
324	2757
325	2728
326	2649
327	2729
328	2593
329	2719
330	2714
331	2626
332	2694
333	2786
334	2640
335	2698
336	2723
337	2628
338	2691
339	2658
340	2653
341	2739
342	2585
343	2660
344	2586
345	2590
346	2624
347	2591
348	2594
349	2497
350	2654
351	2634
352	2586
353	2572
354	2682
355	2600
356	2608
357	2622
358	2631
359	2603
360	2598
361	2628
362	2631
363	2628
364	2579
365	2572
366	2647
367	2576
368	2517
369	2629
370	2583
371	2602
372	2453
373	2611
374	2622
375	2604
376	2590
377	2504
378	2536
379	2695
380	2624
381	2649
382	2645
383	2489
384	2618
385	2579
386	2539
387	2599
388	2621
389	2444
390	2526
391	2522
392	2604
393	2520
394	2576
395	2478
396	2519
397	2558
398	2522
399	2545
400	2573
401	2513
402	2396
403	2471
404	2467
405	2528
406	2537
407	2556
408	2505
409	2447
410	2483
411	2493
412	2505
413	2453
414	2426
415	2495
416	2413
417	2536
418	2403
419	2468
420	2421
421	2352
422	2419
423	2503
424	2370
425	2429
426	2390
427	2340
428	2443
429	2450
430	2396
431	2386
432	2376
433	2380
434	2413
435	2480
436	2397
437	2439
438	2373
439	2405
440	2335
441	2370
442	2315
443	2285
444	2342
445	2195
446	2306
447	2463
448	2348
449	2262
450	2245
451	2273
452	2312
453	2312
454	2314
455	2279
456	2256
457	2346
458	2217
459	2280
460	2283
461	2316
462	2302
463	2296
464	2298
465	2226
466	2252
467	2232
468	2192
469	2305
470	2246
471	2261
472	2288
473	2254
474	2207
475	2282
476	2221
477	2264
478	2246
479	2230
480	2281
481	2217
482	2114
483	2250
484	2217
485	2282
486	2255
487	2257
488	2233
489	2168
490	2219
491	2290
492	2285
493	2273
494	2179
495	2231
496	2209
497	2143
498	2276
499	2252
500	2247
501	2177
502	2214
503	2221
504	2202
505	2275
506	2276
507	2238
508	2273
509	2212
510	2297
511	2204
512	2196
513	2188
514	2299
515	2194
516	2170
517	2200
518	2224
519	2184
520	2257
521	2221
522	2259
523	2234
524	2255
525	2142
526	2295
527	2130
528	2150
529	2239
530	2139
531	2224
532	2214
533	2168
534	2181
535	2259
536	2196
537	2117
538	2129
539	2174
540	2165
541	2237
542	2157
543	2179
544	2158
545	2213
546	2172
547	2162
548	2203
549	2143
550	2216
551	2088
552	2152
553	2208
554	2193
555	2210
556	2081
557	2240
558	2173
559	2117
560	2157
561	2173
562	2140
563	2194
564	2251
565	2241
566	2144
567	2100
568	2141
569	2076
570	2159
571	2152
572	2207
573	2156
574	2087
575	2204
576	2243
577	2159
578	2068
579	2190
580	2123
581	2201
582	2058
583	2137
584	2136
585	2139
586	2144
587	2140
588	2086
589	2169
590	2051
591	2202
592	2149
593	2083
594	2128
595	1999
596	2101
597	2108
598	2083
599	2166
600	2055
601	2048
602	2025
603	2143
604	2118
605	2132
606	2091
607	2100
608	2094
609	2060
610	1965
611	2142
612	2140
613	2069
614	2146
615	2058
616	2103
617	2167
618	2057
619	2090
620	2074
621	2037
622	2036
623	2090
624	2061
625	2054
626	2070
627	2022
628	2084
629	2011
630	2106
631	2020
632	2099
633	1975
634	1984
635	1931
636	2018
637	2065
638	1942
639	2069
640	2053
641	2011
642	2005
643	2020
644	2026
645	2095
646	1990
647	2111
648	2072
649	2039
650	1999
651	2086
652	2014
653	2039
654	2068
655	2026
656	2022
657	1973
658	2028
659	2046
660	2011
661	2059
662	2055
663	2006
664	2094
665	2008
666	2059
667	2062
668	2051
669	2176
670	2034
671	1998
672	2046
673	2106
674	2000
675	2079
676	2104
677	2033
678	2002
679	2047
680	2093
681	2063
682	2068
683	2060
684	2075
685	2001
686	2031
687	2034
688	2023
689	2028
690	2053
691	2040
692	2096
693	2057
694	2122
695	2008
696	1987
697	2054
698	2018
699	2063
700	1991
701	1959
702	1883
703	1996
704	2005
705	2094
706	2057
707	2050
708	1993
709	2049
710	1955
711	2009
712	2036
713	1960
714	1993
715	1969
716	2027
717	2097
718	1999
719	1976
720	2138
721	1990
722	2005
723	2024
724	1971
725	2047
726	1997
727	2049
728	1977
729	1942
730	1991
731	1893
732	2039
733	2028
734	1973
735	2055
736	2048
737	2029
738	2016
739	1993
740	1952
741	2030
742	1971
743	1985
744	1963
745	2010
746	1970
747	1983
748	2032
749	2025
750	2052
751	2028
752	1993
753	2037
754	1961
755	2010
756	1987
757	1999
758	2012
759	1986
760	1984
761	1987
762	1995
763	1898
764	1887
765	1971
766	2034
767	2029
768	1953
769	2005
770	1970
771	1926
772	1939
773	2030
774	1906
775	2034
776	1979
777	2083
778	1990
779	1989
780	1991
781	1969
782	1993
783	1983
784	1984
785	1982
786	1999
787	1957
788	1948
789	2008
790	1966
791	1997
792	2023
793	1826
794	2004
795	1965
796	1869
797	1947
798	1935
799	2054
800	1878
801	1945
802	2003
803	1967
804	1906
805	1991
806	1905
807	1998
808	2031
809	1924
810	1934
811	1946
812	1938
813	2004
814	1948
815	1879
816	1969
817	1986
818	1963
819	1991
820	2012
821	2005
822	1937
823	2013
824	1968
825	1978
826	1915
827	1974
828	1992
829	2022
830	1962
831	1896
832	1946
833	1935
834	1885
835	1930
836	1928
837	1922
838	1932
839	1984
840	1915
841	1955
842	2037
843	1969
844	1916
845	2027
846	1877
847	1954
848	1897
849	1886
850	1927
851	1910
852	2051
853	1979
854	1931
855	2020
856	1976
857	1982
858	2033
859	1976
860	1921
861	1963
862	2050
863	1973
864	2034
865	1893
866	1942
867	1930
868	1933
869	2026
870	1953
871	1925
872	1941
873	1996
874	2001
875	2032
876	1895
877	2001
878	1949
879	1969
880	1964
881	1998
882	2014
883	1972
884	1928
885	1959
886	1896
887	1943
888	1966
889	1964
890	1908
891	1889
892	1951
893	1929
894	1981
895	1967
896	1928
897	1978
898	1976
899	2054
900	1947
901	1877
902	1965
903	1942
904	1948
905	1890
906	1965
907	1962
908	1931
909	1967
910	1996
911	1912
912	1938
913	2029
914	1993
915	1891
916	1909
917	1978
918	2013
919	1920
920	1957
921	1975
922	1954
923	1940
924	1975
925	2051
926	1971
927	1937
928	1965
929	2003
930	1932
931	1946
932	1995
933	1946
934	2011
935	1903
936	2018
937	1933
938	1907
939	1965
940	1954
941	1944
942	1946
943	1941
944	2031
945	1983
946	1995
947	1856
948	1899
949	1928
950	1961
951	1896
952	1973
953	1914
954	1935
955	1952
956	1981
957	1945
958	1865
959	1918
960	1944
961	1917
962	1985
963	1874
964	1903
965	1902
966	1935
967	2020
968	1929
969	1939
970	1959
971	1936
972	1921
973	1938
974	1978
975	1981
976	1937
977	1949
978	1970
979	1966
980	1928
981	1964
982	1956
983	1974
984	1911
985	1960
986	1910
987	1925
988	1929
989	1966
990	1971
991	1966
992	1898
993	1999
994	1937
995	1964
996	1960
997	1959
998	1924
999	1905
1000	1856
1001	1907
1002	2026
1003	1985
1004	1861
1005	1931
1006	1942
1007	1981
1008	1907
1009	1980
1010	1954
1011	2012
1012	2000
1013	1959
1014	1946
1015	1869
1016	1985
1017	1937
1018	1938
1019	1949
1020	1908
1021	1958
1022	2033
1023	1993
1024	1877
1025	1964
1026	1932
1027	1911
1028	2009
1029	2030
1030	2059
1031	1933
1032	1893
1033	1914
1034	1952
1035	1968
1036	1965
1037	1922
1038	2016
1039	1901
1040	1916
1041	1913
1042	2025
1043	2014
1044	1945
1045	1992
1046	1909
1047	1979
1048	1920
1049	1931
1050	1933
1051	1929
1052	1941
1053	1957
1054	1993
1055	1999
1056	1923
1057	1931
1058	1989
1059	1955
1060	1917
1061	1980
1062	1904
1063	1841
1064	1909
1065	1993
1066	1975
1067	1897
1068	1936
1069	1936
1070	1876
1071	2034
1072	1930
1073	2015
1074	1898
1075	1952
1076	1931
1077	1946
1078	2020
1079	1919
1080	1966
1081	1913
1082	1882
1083	1935
1084	2019
1085	1950
1086	1922
1087	1901
1088	1981
1089	1855
1090	1917
1091	1938
1092	1946
1093	2015
1094	1871
1095	1964
1096	1900
1097	1959
1098	1889
1099	1909
1100	1941
1101	1938
1102	1865
1103	1994
1104	2000
1105	1960
1106	1958
1107	1953
1108	1930
1109	1910
1110	2017
1111	1956
1112	1922
1113	1878
1114	1929
1115	1923
1116	1983
1117	1910
1118	1958
1119	1966
1120	2005
1121	1939
1122	1977
1123	1932
1124	1875
1125	2008
1126	1896
1127	1910
1128	1898
1129	1870
1130	1921
1131	1913
1132	1937
1133	1988
1134	2000
1135	1928
1136	1999
1137	1952
1138	1841
1139	1964
1140	1970
1141	1974
1142	1963
1143	1914
1144	1961
1145	1948
1146	1963
1147	1956
1148	1929
1149	1911
1150	1965
1151	1933
1152	1900
1153	1959
1154	1938
1155	1999
1156	1880
1157	1929
1158	1949
1159	1935
1160	1932
1161	1939
1162	1926
1163	1927
1164	1944
1165	1984
1166	1887
1167	1960
1168	1926
1169	2020
1170	1964
1171	1878
1172	1947
1173	1948
1174	1933
1175	1990
1176	1947
1177	1925
1178	1932
1179	1918
1180	1805
1181	1923
1182	1946
1183	1933
1184	1899
1185	1994
1186	1880
1187	1848
1188	1958
1189	2010
1190	1965
1191	1899
1192	1891
1193	1944
1194	1988
1195	1948
1196	1951
1197	1911
1198	1859
1199	1927
1200	1988
1201	1920
1202	1990
1203	1888
1204	1950
1205	1891
1206	1952
1207	1974
1208	1972
1209	1912
1210	1954
1211	1889
1212	1949
1213	1947
1214	1916
1215	1905
1216	1905
1217	1940
1218	1990
1219	1920
1220	1971
1221	1920
1222	1977
1223	2015
1224	1927
1225	1924
1226	1900
1227	1958
1228	1927
1229	1934
1230	1932
1231	1949
1232	1928
1233	1986
1234	1985
1235	1959
1236	1909
1237	1913
1238	1857
1239	1925
1240	1972
1241	1951
1242	1903
1243	1932
1244	1919
1245	1926
1246	1889
1247	1901
1248	1981
1249	1918
1250	1946
1251	1880
1252	1978
1253	1917
1254	1932
1255	1850
1256	1913
1257	1988
1258	1932
1259	1824
1260	1930
1261	1951
1262	1932
1263	1890
1264	1908
1265	1993
1266	1917
1267	1872
1268	1880
1269	1876
1270	1902
1271	1885
1272	1937
1273	1875
1274	1948
1275	1922
1276	1913
1277	1882
1278	2001
1279	1914
1280	1859
1281	1906
1282	1926
1283	1974
1284	1885
1285	1962
1286	1961
1287	1959
1288	1935
1289	2025
1290	1883
1291	1857
1292	1868
1293	1948
1294	1900
1295	1917
1296	1917
1297	1861
1298	1934
1299	2024
1300	1901
1301	1971
1302	1999
1303	1978
1304	1949
1305	1816
1306	1981
1307	1932
1308	1890
1309	1890
1310	1924
1311	1881
1312	1949
1313	1896
1314	1938
1315	1879
1316	1842
1317	1893
1318	1978
1319	1870
1320	1992
1321	1946
1322	1951
1323	1934
1324	1893
1325	1898
1326	1992
1327	1849
1328	1894
1329	1996
1330	1992
1331	1941
1332	1925
1333	1867
1334	1957
1335	1885
1336	1950
1337	1853
1338	1913
1339	1995
1340	1880
1341	1894
1342	1940
1343	1928
1344	1933
1345	2023
1346	2019
1347	1879
1348	1966
1349	1944
1350	1905
1351	1900
1352	1798
1353	1963
1354	1885
1355	1846
1356	1934
1357	1868
1358	1928
1359	1888
1360	1949
1361	1997
1362	1936
1363	1852
1364	1894
1365	1915
1366	1941
1367	1898
1368	1988
1369	1908
1370	1917
1371	1951
1372	1917
1373	1923
1374	1965
1375	1886
1376	1836
1377	1945
1378	1992
1379	1872
1380	1890
1381	1883
1382	1949
1383	1939
1384	1963
1385	1958
1386	1878
1387	1965
1388	1941
1389	1956
1390	1931
1391	1918
1392	1873
1393	1916
1394	1942
1395	1941
1396	1950
1397	1937
1398	1872
1399	1976
1400	1971
1401	1868
1402	1898
1403	1919
1404	1890
1405	1927
1406	1957
1407	1856
1408	1883
1409	1970
1410	1882
1411	1962
1412	1885
1413	1851
1414	1927
1415	1961
1416	1999
1417	1884
1418	1919
1419	1894
1420	1849
1421	2023
1422	1896
1423	1990
1424	1893
1425	1889
1426	1944
1427	1885
1428	1923
1429	1907
1430	1923
1431	1917
1432	2002
1433	1863
1434	2001
1435	1960
1436	1985
1437	1940
1438	1883
1439	1911
1440	1995
1441	1899
1442	1962
1443	1940
1444	1864
1445	1985
1446	1966
1447	1921
1448	2029
1449	1864
1450	1910
1451	1916
1452	1919
1453	1981
1454	1913
1455	1985
1456	1948
1457	1847
1458	1878
1459	1874
1460	1973
1461	1868
1462	1969
1463	2015
1464	1976
1465	1968
1466	1899
1467	1865
1468	2007
1469	1819
1470	1873
1471	1879
1472	1899
1473	1937
1474	1931
1475	1983
1476	1973
1477	1885
1478	1895
1479	1940
1480	2034
1481	1935
1482	1917
1483	1961
1484	1934
1485	1993
1486	1915
1487	1887
1488	1920
1489	1897
1490	1991
1491	1901
1492	1891
1493	1853
1494	1940
1495	1862
1496	1959
1497	1834
1498	1856
1499	1964
1500	1888
1501	1918
1502	1925
1503	1900
1504	1961
1505	1886
1506	1917
1507	1924
1508	1931
1509	1877
1510	1923
1511	1902
1512	1976
1513	1856
1514	1910
1515	1999
1516	1909
1517	1890
1518	1901
1519	1927
1520	1884
1521	1981
1522	1951
1523	1964
1524	1930
1525	1958
1526	1926
1527	1907
1528	1891
1529	1958
1530	1921
1531	1860
1532	1896
1533	1947
1534	1918
1535	1949
1536	1957
1537	1916
1538	1825
1539	1961
1540	2002
1541	1847
1542	1942
1543	1956
1544	1874
1545	1900
1546	1891
1547	1842
1548	1831
1549	1916
1550	1993
1551	1905
1552	1868
1553	2028
1554	1944
1555	1839
1556	1967
1557	1881
1558	1984
1559	1935
1560	1994
1561	1942
1562	1933
1563	1899
1564	1925
1565	1902
1566	1836
1567	1929
1568	1872
1569	1926
1570	1983
1571	1928
1572	1899
1573	1878
1574	1870
1575	1897
1576	1874
1577	1883
1578	1839
1579	1969
1580	1966
1581	1918
1582	1890
1583	1913
1584	1880
1585	2016
1586	1895
1587	1863
1588	1883
1589	1981
1590	1931
1591	1806
1592	1943
1593	1922
1594	1960
1595	1934
1596	1907
1597	1973
1598	1913
1599	1960
1600	1940
1601	1905
1602	1935
1603	1925
1604	1996
1605	1911
1606	1850
1607	1955
1608	1959
1609	1930
1610	2013
1611	1903
1612	1976
1613	1962
1614	1932
1615	1903
1616	1964
1617	1888
1618	1842
1619	1986
1620	1868
1621	1982
1622	1923
1623	1897
1624	1903
1625	1943
1626	2029
1627	1942
1628	1975
1629	1981
1630	1955
1631	1944
1632	1930
1633	1880
1634	1933
1635	1902
1636	1948
1637	1862
1638	1871
1639	2023
1640	1842
1641	1872
1642	1902
1643	1988
1644	1919
1645	1936
1646	2028
1647	2001
1648	1938
1649	1978
1650	1886
1651	1844
1652	1972
1653	1914
1654	1912
1655	1892
1656	1929
1657	1852
1658	1916
1659	1963
1660	1929
1661	1970
1662	1974
1663	1896
1664	1937
1665	1958
1666	1917
1667	1857
1668	2030
1669	1823
1670	1952
1671	1938
1672	1846
1673	1911
1674	1904
1675	1996
1676	1886
1677	1997
1678	1908
1679	1888
1680	1953
1681	1916
1682	1952
1683	1951
1684	1859
1685	1927
1686	1835
1687	1907
1688	1873
1689	1984
1690	1894
1691	1961
1692	1929
1693	1896
1694	1925
1695	1980
1696	1866
1697	1840
1698	1904
1699	1962
1700	1931
1701	1946
1702	1887
1703	1874
1704	1863
1705	1921
1706	1908
1707	1906
1708	1953
1709	1969
1710	1952
1711	2010
1712	1918
1713	1974
1714	1999
1715	1919
1716	1959
1717	1944
1718	1964
1719	1937
1720	1992
1721	1856
1722	1889
1723	1894
1724	1845
1725	1886
1726	1951
1727	1899
1728	1899
1729	1860
1730	2017
1731	1879
1732	2015
1733	1952
1734	1897
1735	1898
1736	1905
1737	1962
1738	1892
1739	1829
1740	1916
1741	1885
1742	1872
1743	1879
1744	1950
1745	1913
1746	1833
1747	1963
1748	1940
1749	1998
1750	1939
1751	1950
1752	1902
1753	1868
1754	1908
1755	1866
1756	1958
1757	1944
1758	1910
1759	1897
1760	1851
1761	1928
1762	1897
1763	1944
1764	1910
1765	1896
1766	1945
1767	1926
1768	1973
1769	1981
1770	1923
1771	1946
1772	1937
1773	1878
1774	1921
1775	1901
1776	1884
1777	1872
1778	1883
1779	1915
1780	1885
1781	1916
1782	1974
1783	1877
1784	1861
1785	1912
1786	1974
1787	1932
1788	1914
1789	1883
1790	1903
1791	1922
1792	1959
1793	1960
1794	1924
1795	1887
1796	1902
1797	1931
1798	1900
1799	1938
1800	1916
1801	1945
1802	1938
1803	1908
1804	1881
1805	1850
1806	1944
1807	1904
1808	1904
1809	1979
1810	1854
1811	1872
1812	1955
1813	1924
1814	1918
1815	1911
1816	1933
1817	1887
1818	1910
1819	1911
1820	1885
1821	1928
1822	1923
1823	1943
1824	1853
1825	1914
1826	1900
1827	1930
1828	1890
1829	1913
1830	1917
1831	1888
1832	1915
1833	1887
1834	1975
1835	1795
1836	1901
1837	1887
1838	1849
1839	1971
1840	1864
1841	1994
1842	2001
1843	1991
1844	1944
1845	1895
1846	1939
1847	1923
1848	1956
1849	1930
1850	1937
1851	1828
1852	1903
1853	1934
1854	1913
1855	1977
1856	1883
1857	1989
1858	1936
1859	1894
1860	1915
1861	1877
1862	1901
1863	1904
1864	1890
1865	1863
1866	1935
1867	1954
1868	1899
1869	1910
1870	1890
1871	1937
1872	1919
1873	1926
1874	1955
1875	1956
1876	1840
1877	1881
1878	1920
1879	1886
1880	1924
1881	1982
1882	1966
1883	1916
1884	1949
1885	1857
1886	1915
1887	1880
1888	1973
1889	1922
1890	1889
1891	2010
1892	1944
1893	1892
1894	1961
1895	1858
1896	1858
1897	1943
1898	1947
1899	1944
1900	1886
1901	1956
1902	1926
1903	1858
1904	1942
1905	1899
1906	1905
1907	2011
1908	1993
1909	1882
1910	1868
1911	1864
1912	1975
1913	1859
1914	2014
1915	1917
1916	1976
1917	1888
1918	1929
1919	1909
1920	1883
1921	1881
1922	1911
1923	1952
1924	1956
1925	1929
1926	1892
1927	1882
1928	1872
1929	1921
1930	1879
1931	1940
1932	1887
1933	1921
1934	1935
1935	1965
1936	1886
1937	1910
1938	1869
1939	1955
1940	1966
1941	1883
1942	1926
1943	1926
1944	2009
1945	1919
1946	1909
1947	1903
1948	1902
1949	2004
1950	1903
1951	1957
1952	1955
1953	1969
1954	1979
1955	1917
1956	1987
1957	2028
1958	1876
1959	1882
1960	1834
1961	1880
1962	1917
1963	1973
1964	1869
1965	1894
1966	1839
1967	1941
1968	1949
1969	1971
1970	1860
1971	1987
1972	1931
1973	1930
1974	1925
1975	1872
1976	1989
1977	1903
1978	1855
1979	1927
1980	1942
1981	1867
1982	1951
1983	1844
1984	2038
1985	1997
1986	1927
1987	1925
1988	1950
1989	1920
1990	1925
1991	1897
1992	1914
1993	1954
1994	1993
1995	1943
1996	1922
1997	1933
1998	1994
1999	1913
2000	1950
2001	1862
2002	1958
2003	1881
2004	1992
2005	1952
2006	1864
2007	1944
2008	1906
2009	1933
2010	1834
2011	1876
2012	1895
2013	1975
2014	1965
2015	1920
2016	2023
2017	1958
2018	1940
2019	1911
2020	1931
2021	1955
2022	1959
2023	1930
2024	1916
2025	1852
2026	1972
2027	1874
2028	1892
2029	1900
2030	1945
2031	1929
2032	1918
2033	1940
2034	1884
2035	1917
2036	1918
2037	1914
2038	1882
2039	1969
2040	1887
2041	1854
2042	1967
2043	1918
2044	1824
2045	1965
2046	1959
2047	1975
2048	2045
