# Start time:    2026-07-23, 11:43:57
# Real time (s): 2100.010
# Live time (s): 2100.000
# Reactor power (MW): 1.000000
# Number of channels: 2048
# Channel width (usec): 2.000000
# Dead time (usec): 26.000000
# Number of frames: 419214
# Path length (cm): 191.500000
#
# Total counts:  5755169
# Chan. numb.	Numb. of counts
#-----------------------------------------------------------------------
1	0
2	0
3	2318
4	2538
5	2497
6	2408
7	2486
8	2522
9	2464
10	2447
11	2467
12	2480
13	2445
14	2385
15	2453
16	2479
17	2412
18	2518
19	2474
20	2455
21	2442
22	2457
23	2414
24	2436
25	2432
26	2483
27	2530
28	2466
29	2468
30	2431
31	2482
32	2501
33	2457
34	2501
35	2340
36	2432
37	2508
38	2463
39	2537
40	2505
41	2513
42	2413
43	2594
44	2508
45	2412
46	2466
47	2502
48	2460
49	2559
50	2447
51	2427
52	2511
53	2485
54	2392
55	2477
56	2488
57	2495
58	2427
59	2391
60	2439
61	2413
62	2501
63	2459
64	2489
65	2456
66	2418
67	2490
68	2491
69	2463
70	2453
71	2567
72	2476
73	2435
74	2504
75	2483
76	2508
77	2588
78	2501
79	2458
80	2426
81	2481
82	2426
83	2494
84	2479
85	2499
86	2495
87	2496
88	2436
89	2452
90	2433
91	2496
92	2444
93	2445
94	2424
95	2456
96	2547
97	2520
98	2347
99	2504
100	2542
101	2500
102	2455
103	2564
104	2472
105	2450
106	2478
107	2443
108	2469
109	2447
110	2536
111	2315
112	2423
113	2456
114	2532
115	2557
116	2461
117	2511
118	2568
119	2507
120	2448
121	2456
122	2529
123	2523
124	2465
125	2454
126	2465
127	2520
128	2581
129	2505
130	2468
131	2511
132	2464
133	2477
134	2580
135	2585
136	2494
137	2587
138	2492
139	2599
140	2556
141	2464
142	2535
143	2550
144	2530
145	2546
146	2462
147	2598
148	2539
149	2445
150	2572
151	2514
152	2481
153	2512
154	2470
155	2531
156	2528
157	2548
158	2528
159	2541
160	2546
161	2545
162	2611
163	2621
164	2532
165	2605
166	2548
167	2528
168	2564
169	2525
170	2646
171	2638
172	2550
173	2578
174	2571
175	2626
176	2591
177	2636
178	2604
179	2506
180	2598
181	2562
182	2580
183	2550
184	2580
185	2597
186	2637
187	2602
188	2603
189	2622
190	2693
191	2727
192	2701
193	2620
194	2735
195	2681
196	2630
197	2635
198	2678
199	2711
200	2811
201	2744
202	2702
203	2759
204	2665
205	2844
206	2813
207	2825
208	2786
209	2803
210	2809
211	2861
212	2767
213	2764
214	2860
215	2834
216	2838
217	2856
218	2894
219	2789
220	2779
221	2919
222	2972
223	2858
224	2910
225	2936
226	2976
227	2991
228	3054
229	2997
230	3081
231	3064
232	3005
233	3051
234	3072
235	3062
236	3114
237	3140
238	3138
239	3132
240	3158
241	3115
242	3126
243	3117
244	3249
245	3127
246	3203
247	3084
248	3144
249	3220
250	3222
251	3336
252	3326
253	3240
254	3240
255	3226
256	3217
257	3305
258	3260
259	3244
260	3354
261	3296
262	3346
263	3299
264	3432
265	3284
266	3318
267	3256
268	3455
269	3308
270	3341
271	3459
272	3332
273	3432
274	3408
275	3508
276	3432
277	3431
278	3349
279	3456
280	3421
281	3532
282	3526
283	3506
284	3586
285	3466
286	3583
287	3569
288	3455
289	3592
290	3446
291	3568
292	3631
293	3573
294	3625
295	3522
296	3535
297	3557
298	3552
299	3536
300	3724
301	3513
302	3544
303	3443
304	3669
305	3425
306	3636
307	3549
308	3490
309	3558
310	3520
311	3483
312	3530
313	3615
314	3472
315	3468
316	3542
317	3512
318	3515
319	3490
320	3508
321	3547
322	3574
323	3574
324	3470
325	3453
326	3427
327	3415
328	3470
329	3433
330	3492
331	3406
332	3426
333	3386
334	3398
335	3467
336	3466
337	3263
338	3338
339	3369
340	3356
341	3524
342	3360
343	3300
344	3470
345	3307
346	3397
347	3300
348	3338
349	3267
350	3316
351	3417
352	3275
353	3345
354	3342
355	3329
356	3287
357	3297
358	3274
359	3237
360	3323
361	3189
362	3348
363	3387
364	3311
365	3288
366	3328
367	3297
368	3383
369	3284
370	3253
371	3223
372	3287
373	3303
374	3229
375	3246
376	3350
377	3268
378	3215
379	3341
380	3244
381	3366
382	3269
383	3229
384	3367
385	3213
386	3318
387	3164
388	3347
389	3296
390	3265
391	3258
392	3310
393	3343
394	3233
395	3217
396	3303
397	3202
398	3272
399	3179
400	3162
401	3148
402	3224
403	3201
404	3190
405	3162
406	3165
407	3228
408	3275
409	3182
410	3170
411	3146
412	3137
413	3121
414	3123
415	3109
416	3130
417	3176
418	3137
419	3066
420	3078
421	3038
422	3085
423	3003
424	3068
425	3071
426	3052
427	3069
428	3095
429	3047
430	3054
431	3015
432	3008
433	3075
434	3012
435	2928
436	2980
437	2972
438	2983
439	2948
440	3075
441	3041
442	3003
443	2946
444	2968
445	2973
446	3026
447	2866
448	2926
449	2941
450	3003
451	3007
452	2903
453	2959
454	2888
455	2924
456	2861
457	2877
458	2937
459	2827
460	2917
461	2940
462	2851
463	2854
464	2935
465	2842
466	2926
467	2926
468	2870
469	2766
470	2780
471	2883
472	2836
473	2827
474	2961
475	2797
476	2833
477	2816
478	2826
479	2800
480	2908
481	2860
482	2853
483	2890
484	2902
485	2964
486	2811
487	2852
488	2877
489	2830
490	2859
491	2786
492	2869
493	2843
494	2836
495	2878
496	2802
497	2780
498	2804
499	2757
500	2962
501	2909
502	2769
503	2847
504	2856
505	2764
506	2776
507	2870
508	2760
509	2764
510	2842
511	2760
512	2763
513	2800
514	2832
515	2736
516	2762
517	2796
518	2809
519	2856
520	2886
521	2831
522	2742
523	2825
524	2760
525	2800
526	2845
527	2778
528	2807
529	2813
530	2797
531	2791
532	2729
533	2813
534	2795
535	2862
536	2800
537	2751
538	2691
539	2855
540	2754
541	2820
542	2759
543	2775
544	2775
545	2747
546	2780
547	2851
548	2860
549	2864
550	2801
551	2666
552	2811
553	2836
554	2817
555	2720
556	2798
557	2865
558	2832
559	2843
560	2772
561	2772
562	2743
563	2714
564	2753
565	2813
566	2746
567	2851
568	2811
569	2748
570	2736
571	2737
572	2626
573	2770
574	2744
575	2659
576	2747
577	2671
578	2701
579	2642
580	2712
581	2731
582	2862
583	2691
584	2780
585	2726
586	2724
587	2778
588	2703
589	2672
590	2699
591	2751
592	2770
593	2814
594	2691
595	2685
596	2864
597	2683
598	2675
599	2711
600	2629
601	2737
602	2660
603	2670
604	2633
605	2625
606	2699
607	2659
608	2693
609	2618
610	2634
611	2589
612	2686
613	2674
614	2653
615	2649
616	2698
617	2491
618	2603
619	2684
620	2702
621	2623
622	2651
623	2642
624	2659
625	2644
626	2596
627	2663
628	2567
629	2569
630	2570
631	2654
632	2602
633	2622
634	2596
635	2658
636	2583
637	2575
638	2628
639	2612
640	2669
641	2641
642	2581
643	2611
644	2537
645	2640
646	2751
647	2668
648	2552
649	2596
650	2664
651	2616
652	2554
653	2679
654	2549
655	2585
656	2676
657	2665
658	2631
659	2686
660	2477
661	2544
662	2621
663	2668
664	2588
665	2624
666	2665
667	2596
668	2598
669	2691
670	2662
671	2641
672	2581
673	2581
674	2555
675	2673
676	2544
677	2667
678	2692
679	2674
680	2571
681	2587
682	2558
683	2584
684	2653
685	2672
686	2618
687	2626
688	2621
689	2500
690	2647
691	2619
692	2584
693	2592
694	2653
695	2633
696	2660
697	2532
698	2604
699	2475
700	2474
701	2584
702	2578
703	2670
704	2582
705	2715
706	2605
707	2596
708	2563
709	2648
710	2549
711	2568
712	2608
713	2567
714	2509
715	2596
716	2551
717	2548
718	2574
719	2594
720	2592
721	2630
722	2619
723	2459
724	2530
725	2551
726	2427
727	2558
728	2558
729	2595
730	2471
731	2488
732	2549
733	2529
734	2503
735	2445
736	2553
737	2514
738	2582
739	2555
740	2528
741	2554
742	2516
743	2551
744	2537
745	2516
746	2568
747	2636
748	2478
749	2530
750	2563
751	2526
752	2539
753	2612
754	2488
755	2442
756	2591
757	2567
758	2504
759	2537
760	2487
761	2551
762	2479
763	2607
764	2505
765	2499
766	2563
767	2442
768	2457
769	2454
770	2514
771	2488
772	2529
773	2515
774	2476
775	2541
776	2448
777	2641
778	2509
779	2568
780	2488
781	2543
782	2478
783	2528
784	2593
785	2455
786	2474
787	2526
788	2509
789	2534
790	2621
791	2483
792	2527
793	2494
794	2591
795	2516
796	2520
797	2546
798	2522
799	2590
800	2451
801	2498
802	2494
803	2449
804	2458
805	2491
806	2568
807	2548
808	2514
809	2443
810	2504
811	2580
812	2554
813	2564
814	2591
815	2477
816	2484
817	2465
818	2454
819	2449
820	2497
821	2437
822	2440
823	2566
824	2487
825	2554
826	2544
827	2562
828	2614
829	2462
830	2463
831	2478
832	2555
833	2510
834	2497
835	2484
836	2572
837	2465
838	2577
839	2496
840	2481
841	2552
842	2585
843	2468
844	2612
845	2445
846	2509
847	2518
848	2433
849	2468
850	2497
851	2487
852	2466
853	2490
854	2533
855	2475
856	2502
857	2502
858	2531
859	2498
860	2491
861	2502
862	2468
863	2562
864	2577
865	2546
866	2518
867	2518
868	2536
869	2455
870	2484
871	2495
872	2551
873	2426
874	2447
875	2465
876	2400
877	2520
878	2554
879	2488
880	2470
881	2488
882	2437
883	2562
884	2436
885	2423
886	2470
887	2569
888	2527
889	2527
890	2560
891	2422
892	2495
893	2428
894	2458
895	2473
896	2580
897	2492
898	2452
899	2355
900	2576
901	2467
902	2415
903	2577
904	2437
905	2505
906	2380
907	2480
908	2507
909	2602
910	2521
911	2557
912	2527
913	2414
914	2536
915	2455
916	2405
917	2554
918	2464
919	2534
920	2494
921	2457
922	2516
923	2475
924	2537
925	2468
926	2542
927	2413
928	2507
929	2499
930	2519
931	2457
932	2478
933	2523
934	2525
935	2530
936	2496
937	2478
938	2480
939	2521
940	2520
941	2597
942	2545
943	2531
944	2499
945	2480
946	2544
947	2446
948	2516
949	2545
950	2380
951	2423
952	2496
953	2520
954	2425
955	2531
956	2438
957	2482
958	2494
959	2540
960	2475
961	2544
962	2456
963	2489
964	2443
965	2477
966	2506
967	2465
968	2604
969	2552
970	2438
971	2366
972	2610
973	2559
974	2571
975	2516
976	2536
977	2478
978	2515
979	2510
980	2512
981	2438
982	2497
983	2422
984	2472
985	2467
986	2443
987	2520
988	2551
989	2503
990	2458
991	2434
992	2443
993	2452
994	2461
995	2402
996	2440
997	2580
998	2398
999	2519
1000	2486
1001	2458
1002	2444
1003	2522
1004	2506
1005	2467
1006	2391
1007	2609
1008	2483
1009	2405
1010	2507
1011	2511
1012	2405
1013	2487
1014	2465
1015	2537
1016	2463
1017	2582
1018	2460
1019	2507
1020	2391
1021	2514
1022	2437
1023	2428
1024	2511
1025	2528
1026	2559
1027	2480
1028	2374
1029	2557
1030	2566
1031	2601
1032	2512
1033	2525
1034	2615
1035	2548
1036	2434
1037	2462
1038	2459
1039	2531
1040	2487
1041	2420
1042	2500
1043	2497
1044	2389
1045	2563
1046	2493
1047	2480
1048	2512
1049	2505
1050	2578
1051	2526
1052	2463
1053	2457
1054	2473
1055	2422
1056	2372
1057	2494
1058	2536
1059	2431
1060	2395
1061	2499
1062	2547
1063	2552
1064	2479
1065	2489
1066	2415
1067	2456
1068	2379
1069	2436
1070	2516
1071	2517
1072	2468
1073	2407
1074	2490
1075	2564
1076	2446
1077	2501
1078	2497
1079	2556
1080	2435
1081	2406
1082	2605
1083	2456
1084	2548
1085	2504
1086	2465
1087	2572
1088	2524
1089	2452
1090	2472
1091	2483
1092	2457
1093	2515
1094	2515
1095	2369
1096	2536
1097	2506
1098	2525
1099	2429
1100	2390
1101	2524
1102	2542
1103	2519
1104	2410
1105	2564
1106	2499
1107	2440
1108	2502
1109	2458
1110	2499
1111	2452
1112	2546
1113	2488
1114	2477
1115	2447
1116	2489
1117	2507
1118	2432
1119	2555
1120	2401
1121	2442
1122	2481
1123	2463
1124	2415
1125	2460
1126	2497
1127	2366
1128	2434
1129	2450
1130	2481
1131	2471
1132	2518
1133	2382
1134	2464
1135	2506
1136	2506
1137	2488
1138	2471
1139	2407
1140	2447
1141	2437
1142	2453
1143	2432
1144	2490
1145	2598
1146	2468
1147	2446
1148	2466
1149	2514
1150	2437
1151	2461
1152	2518
1153	2413
1154	2475
1155	2455
1156	2541
1157	2397
1158	2553
1159	2494
1160	2593
1161	2518
1162	2368
1163	2483
1164	2444
1165	2537
1166	2478
1167	2458
1168	2495
1169	2424
1170	2476
1171	2486
1172	2433
1173	2427
1174	2573
1175	2437
1176	2510
1177	2430
1178	2438
1179	2473
1180	2478
1181	2476
1182	2388
1183	2437
1184	2490
1185	2534
1186	2537
1187	2497
1188	2574
1189	2433
1190	2526
1191	2528
1192	2504
1193	2434
1194	2520
1195	2454
1196	2468
1197	2514
1198	2437
1199	2540
1200	2502
1201	2503
1202	2467
1203	2431
1204	2462
1205	2493
1206	2408
1207	2533
1208	2527
1209	2497
1210	2474
1211	2438
1212	2480
1213	2470
1214	2493
1215	2512
1216	2446
1217	2462
1218	2436
1219	2457
1220	2446
1221	2408
1222	2447
1223	2394
1224	2578
1225	2487
1226	2497
1227	2466
1228	2310
1229	2376
1230	2460
1231	2533
1232	2467
1233	2503
1234	2497
1235	2371
1236	2432
1237	2500
1238	2465
1239	2459
1240	2461
1241	2478
1242	2539
1243	2527
1244	2446
1245	2348
1246	2398
1247	2454
1248	2458
1249	2456
1250	2446
1251	2527
1252	2461
1253	2512
1254	2533
1255	2530
1256	2411
1257	2429
1258	2530
1259	2471
1260	2471
1261	2532
1262	2595
1263	2420
1264	2480
1265	2609
1266	2385
1267	2415
1268	2462
1269	2425
1270	2444
1271	2471
1272	2436
1273	2428
1274	2491
1275	2440
1276	2425
1277	2458
1278	2468
1279	2331
1280	2495
1281	2430
1282	2523
1283	2437
1284	2434
1285	2453
1286	2429
1287	2468
1288	2353
1289	2416
1290	2484
1291	2519
1292	2471
1293	2485
1294	2474
1295	2453
1296	2520
1297	2488
1298	2345
1299	2454
1300	2373
1301	2442
1302	2473
1303	2361
1304	2488
1305	2431
1306	2457
1307	2437
1308	2366
1309	2480
1310	2390
1311	2447
1312	2486
1313	2582
1314	2384
1315	2521
1316	2396
1317	2433
1318	2438
1319	2426
1320	2483
1321	2436
1322	2395
1323	2441
1324	2516
1325	2503
1326	2429
1327	2508
1328	2526
1329	2498
1330	2542
1331	2530
1332	2431
1333	2483
1334	2454
1335	2382
1336	2550
1337	2430
1338	2467
1339	2485
1340	2529
1341	2434
1342	2489
1343	2326
1344	2419
1345	2601
1346	2542
1347	2487
1348	2524
1349	2512
1350	2445
1351	2479
1352	2500
1353	2509
1354	2402
1355	2556
1356	2481
1357	2463
1358	2378
1359	2545
1360	2496
1361	2437
1362	2449
1363	2440
1364	2493
1365	2527
1366	2419
1367	2505
1368	2497
1369	2529
1370	2403
1371	2505
1372	2554
1373	2419
1374	2505
1375	2454
1376	2455
1377	2456
1378	2442
1379	2407
1380	2395
1381	2487
1382	2418
1383	2507
1384	2443
1385	2425
1386	2397
1387	2529
1388	2517
1389	2419
1390	2335
1391	2531
1392	2515
1393	2499
1394	2435
1395	2533
1396	2436
1397	2411
1398	2480
1399	2466
1400	2489
1401	2539
1402	2464
1403	2364
1404	2465
1405	2465
1406	2372
1407	2395
1408	2494
1409	2509
1410	2480
1411	2404
1412	2350
1413	2516
1414	2554
1415	2465
1416	2460
1417	2485
1418	2433
1419	2444
1420	2470
1421	2460
1422	2526
1423	2522
1424	2501
1425	2380
1426	2481
1427	2385
1428	2548
1429	2466
1430	2541
1431	2421
1432	2552
1433	2443
1434	2459
1435	2393
1436	2514
1437	2467
1438	2548
1439	2411
1440	2437
1441	2403
1442	2514
1443	2468
1444	2508
1445	2381
1446	2429
1447	2396
1448	2400
1449	2518
1450	2485
1451	2502
1452	2441
1453	2462
1454	2435
1455	2380
1456	2417
1457	2388
1458	2484
1459	2414
1460	2434
1461	2485
1462	2377
1463	2482
1464	2450
1465	2423
1466	2452
1467	2459
1468	2457
1469	2494
1470	2540
1471	2424
1472	2416
1473	2375
1474	2356
1475	2481
1476	2444
1477	2366
1478	2498
1479	2495
1480	2460
1481	2451
1482	2450
1483	2462
1484	2458
1485	2415
1486	2400
1487	2404
1488	2415
1489	2437
1490	2498
1491	2413
1492	2508
1493	2497
1494	2418
1495	2469
1496	2470
1497	2417
1498	2453
1499	2463
1500	2378
1501	2535
1502	2560
1503	2490
1504	2500
1505	2400
1506	2506
1507	2517
1508	2443
1509	2466
1510	2391
1511	2450
1512	2443
1513	2429
1514	2530
1515	2499
1516	2442
1517	2455
1518	2503
1519	2407
1520	2466
1521	2500
1522	2535
1523	2548
1524	2385
1525	2420
1526	2406
1527	2517
1528	2430
1529	2390
1530	2396
1531	2462
1532	2494
1533	2498
1534	2411
1535	2438
1536	2442
1537	2609
1538	2440
1539	2512
1540	2417
1541	2432
1542	2370
1543	2499
1544	2497
1545	2450
1546	2485
1547	2398
1548	2507
1549	2497
1550	2533
1551	2459
1552	2458
1553	2451
1554	2492
1555	2366
1556	2469
1557	2456
1558	2435
1559	2429
1560	2509
1561	2446
1562	2516
1563	2433
1564	2462
1565	2484
1566	2480
1567	2402
1568	2427
1569	2441
1570	2631
1571	2460
1572	2399
1573	2422
1574	2422
1575	2409
1576	2420
1577	2490
1578	2394
1579	2377
1580	2400
1581	2486
1582	2376
1583	2508
1584	2451
1585	2403
1586	2469
1587	2496
1588	2515
1589	2519
1590	2492
1591	2447
1592	2471
1593	2432
1594	2475
1595	2489
1596	2459
1597	2436
1598	2449
1599	2476
1600	2475
1601	2535
1602	2409
1603	2436
1604	2406
1605	2449
1606	2446
1607	2419
1608	2466
1609	2551
1610	2492
1611	2499
1612	2522
1613	2413
1614	2504
1615	2491
1616	2468
1617	2445
1618	2515
1619	2418
1620	2437
1621	2486
1622	2418
1623	2399
1624	2431
1625	2453
1626	2475
1627	2465
1628	2460
1629	2375
1630	2422
1631	2454
1632	2484
1633	2484
1634	2438
1635	2470
1636	2439
1637	2429
1638	2393
1639	2408
1640	2428
1641	2427
1642	2480
1643	2384
1644	2424
1645	2428
1646	2477
1647	2438
1648	2493
1649	2471
1650	2403
1651	2501
1652	2544
1653	2437
1654	2392
1655	2445
1656	2430
1657	2391
1658	2476
1659	2449
1660	2488
1661	2433
1662	2450
1663	2387
1664	2422
1665	2408
1666	2483
1667	2458
1668	2420
1669	2382
1670	2420
1671	2472
1672	2470
1673	2411
1674	2506
1675	2467
1676	2440
1677	2450
1678	2430
1679	2419
1680	2454
1681	2379
1682	2350
1683	2388
1684	2423
1685	2385
1686	2489
1687	2413
1688	2474
1689	2520
1690	2419
1691	2514
1692	2432
1693	2469
1694	2467
1695	2518
1696	2513
1697	2457
1698	2467
1699	2487
1700	2433
1701	2411
1702	2418
1703	2521
1704	2441
1705	2431
1706	2432
1707	2484
1708	2435
1709	2470
1710	2440
1711	2368
1712	2433
1713	2464
1714	2421
1715	2529
1716	2496
1717	2520
1718	2482
1719	2437
1720	2480
1721	2398
1722	2470
1723	2379
1724	2547
1725	2382
1726	2431
1727	2456
1728	2494
1729	2506
1730	2435
1731	2461
1732	2468
1733	2405
1734	2511
1735	2406
1736	2444
1737	2456
1738	2443
1739	2513
1740	2464
1741	2365
1742	2481
1743	2469
1744	2477
1745	2444
1746	2524
1747	2290
1748	2374
1749	2448
1750	2423
1751	2409
1752	2478
1753	2461
1754	2444
1755	2403
1756	2480
1757	2401
1758	2429
1759	2404
1760	2403
1761	2492
1762	2414
1763	2435
1764	2469
1765	2489
1766	2471
1767	2439
1768	2412
1769	2459
1770	2513
1771	2479
1772	2459
1773	2380
1774	2413
1775	2392
1776	2451
1777	2499
1778	2415
1779	2443
1780	2456
1781	2443
1782	2490
1783	2438
1784	2407
1785	2502
1786	2415
1787	2502
1788	2458
1789	2531
1790	2474
1791	2437
1792	2472
1793	2494
1794	2484
1795	2528
1796	2391
1797	2403
1798	2429
1799	2419
1800	2397
1801	2416
1802	2445
1803	2466
1804	2391
1805	2423
1806	2499
1807	2494
1808	2565
1809	2450
1810	2416
1811	2449
1812	2446
1813	2469
1814	2402
1815	2380
1816	2455
1817	2469
1818	2467
1819	2444
1820	2510
1821	2282
1822	2458
1823	2446
1824	2500
1825	2432
1826	2397
1827	2470
1828	2377
1829	2411
1830	2531
1831	2455
1832	2411
1833	2524
1834	2489
1835	2484
1836	2467
1837	2366
1838	2435
1839	2466
1840	2452
1841	2323
1842	2460
1843	2511
1844	2415
1845	2375
1846	2458
1847	2471
1848	2482
1849	2389
1850	2418
1851	2371
1852	2478
1853	2449
1854	2347
1855	2505
1856	2540
1857	2413
1858	2530
1859	2432
1860	2449
1861	2430
1862	2461
1863	2393
1864	2476
1865	2436
1866	2391
1867	2478
1868	2556
1869	2492
1870	2496
1871	2453
1872	2393
1873	2502
1874	2491
1875	2435
1876	2456
1877	2408
1878	2427
1879	2467
1880	2442
1881	2426
1882	2453
1883	2459
1884	2439
1885	2511
1886	2474
1887	2438
1888	2441
1889	2428
1890	2455
1891	2444
1892	2388
1893	2426
1894	2444
1895	2462
1896	2411
1897	2435
1898	2448
1899	2436
1900	2479
1901	2427
1902	2542
1903	2406
1904	2488
1905	2479
1906	2438
1907	2525
1908	2486
1909	2423
1910	2495
1911	2430
1912	2527
1913	2370
1914	2367
1915	2396
1916	2465
1917	2558
1918	2507
1919	2411
1920	2485
1921	2435
1922	2415
1923	2573
1924	2486
1925	2397
1926	2435
1927	2423
1928	2400
1929	2442
1930	2371
1931	2512
1932	2405
1933	2385
1934	2446
1935	2483
1936	2458
1937	2333
1938	2507
1939	2442
1940	2594
1941	2489
1942	2505
1943	2417
1944	2479
1945	2533
1946	2465
1947	2448
1948	2501
1949	2488
1950	2437
1951	2489
1952	2493
1953	2447
1954	2456
1955	2419
1956	2417
1957	2463
1958	2485
1959	2450
1960	2445
1961	2497
1962	2315
1963	2425
1964	2443
1965	2483
1966	2532
1967	2412
1968	2572
1969	2456
1970	2383
1971	2442
1972	2471
1973	2517
1974	2492
1975	2384
1976	2511
1977	2441
1978	2408
1979	2531
1980	2398
1981	2481
1982	2446
1983	2397
1984	2378
1985	2400
1986	2538
1987	2397
1988	2447
1989	2475
1990	2538
1991	2435
1992	2468
1993	2502
1994	2453
1995	2449
1996	2375
1997	2471
1998	2389
1999	2518
2000	2362
2001	2397
2002	2437
2003	2422
2004	2396
2005	2407
2006	2432
2007	2463
2008	2470
2009	2442
2010	2484
2011	2402
2012	2481
2013	2509
2014	2485
2015	2435
2016	2538
2017	2410
2018	2355
2019	2347
2020	2600
2021	2443
2022	2491
2023	2397
2024	2442
2025	2389
2026	2458
2027	2456
2028	2442
2029	2525
2030	2437
2031	2438
2032	2430
2033	2481
2034	2438
2035	2434
2036	2435
2037	2408
2038	2452
2039	2413
2040	2523
2041	2555
2042	2490
2043	2427
2044	2467
2045	2456
2046	2421
2047	2419
2048	2396
